     2.00000    -19.405300159379799   -19.405300159379806
     4.00000    -38.426349630723244   -38.426349630723259
     6.00000    -57.070757087436270   -57.070757087436263
     8.00000    -75.345980541096978   -75.345980541096935
    10.00000    -93.259330324759688   -93.259330324759617
    12.00000   -110.817972017185640  -110.817972017185620
    14.00000   -128.028929309170220  -128.028929309170310
    16.00000   -144.899086813112970  -144.899086813112890
    18.00000   -161.435192816953530  -161.435192816953420
    20.00000   -177.643861983577860  -177.643861983577780
    22.00000   -193.531577996771120  -193.531577996771090
    24.00000   -209.104696154777800  -209.104696154777660
    26.00000   -224.369445912505230  -224.369445912505060
    28.00000   -239.331933373389350  -239.331933373389060
    30.00000   -253.998143731916770  -253.998143731916490
    32.00000   -268.373943667783290  -268.373943667782900
    34.00000   -282.465083692642570  -282.465083692642510
    36.00000   -296.277200450390010  -296.277200450389560
    38.00000   -309.815818971891360  -309.815818971891250
    40.00000   -323.086354885073260  -323.086354885073490
    42.00000   -336.094116581244240  -336.094116581244350
    44.00000   -348.844307338521280  -348.844307338521450
    46.00000   -361.342027403212800  -361.342027403212570
    48.00000   -373.592276029982030  -373.592276029981970
    50.00000   -385.599953481619200  -385.599953481619250
    52.00000   -397.369862989209420  -397.369862989209540
    54.00000   -408.906712673490010  -408.906712673490180
    56.00000   -420.215117428161590  -420.215117428161420
    58.00000   -431.299600765906230  -431.299600765906010
    60.00000   -442.164596627854450  -442.164596627854110
    62.00000   -452.814451157219080  -452.814451157218970
    64.00000   -463.253424437812440  -463.253424437812440
    66.00000   -473.485692198134530  -473.485692198134760
    68.00000   -483.515347481722240  -483.515347481722190
    70.00000   -493.346402284418620  -493.346402284418730
    72.00000   -502.982789159227590  -502.982789159227760
    74.00000   -512.428362789386030  -512.428362789386260
    76.00000   -521.686901530288540  -521.686901530288990
    78.00000   -530.762108920880450  -530.762108920880910
    80.00000   -539.657615165122480  -539.657615165122820
    82.00000   -548.376978584120250  -548.376978584120710
    84.00000   -556.923687039500920  -556.923687039501940
    86.00000   -565.301159328604850  -565.301159328606100
    88.00000   -573.512746552048380  -573.512746552050320
    90.00000   -581.561733454210870  -581.561733454212910
    92.00000   -589.451339737174070  -589.451339737176110
    94.00000   -597.184721348647830  -597.184721348649300
    96.00000   -604.764971744388960  -604.764971744390210
    98.00000   -612.195123125627110  -612.195123125628470
   100.00000   -619.478147651985410  -619.478147651986550
   102.00000   -626.616958630381420  -626.616958630383240
   104.00000   -633.614411680393230  -633.614411680395510
   106.00000   -640.473305876541760  -640.473305876543690
   108.00000   -647.196384867957590  -647.196384867959640
   110.00000   -653.786337975880430  -653.786337975882020
   112.00000   -660.245801269419870  -660.245801269421350
   114.00000   -666.577358620020160  -666.577358620022210
   116.00000   -672.783542735044080  -672.783542735046810
   118.00000   -678.866836170888860  -678.866836170891360
   120.00000   -684.829672326039940  -684.829672326041990
   122.00000   -690.674436414463910  -690.674436414466070
   124.00000   -696.403466419727920  -696.403466419730420
   126.00000   -702.019054030223510  -702.019054030224990
   128.00000   -707.523445555868310  -707.523445555869780
   130.00000   -712.918842826666040  -712.918842826667630
   132.00000   -718.207404073464430  -718.207404073466710
   134.00000   -723.391244791278500  -723.391244791280540
   136.00000   -728.472438585512800  -728.472438585515310
   138.00000   -733.453018001435790  -733.453018001438640
   140.00000   -738.334975337223340  -738.334975337225730
   142.00000   -743.120263440902140  -743.120263440904300
   144.00000   -747.810796491519000  -747.810796491520700
   146.00000   -752.408450764834130  -752.408450764836400
   148.00000   -756.915065383861130  -756.915065383863520
   150.00000   -761.332443054536840  -761.332443054538770
   152.00000   -765.662350786827120  -765.662350786829510
   154.00000   -769.906520601559350  -769.906520601561620
   156.00000   -774.066650223249210  -774.066650223250580
   158.00000   -778.144403759211970  -778.144403759214240
   160.00000   -782.141412365235960  -782.141412365237670
   162.00000   -786.059274898056170  -786.059274898057650
   164.00000   -789.899558554924280  -789.899558554925990
   166.00000   -793.663799500508280  -793.663799500509870
   168.00000   -797.353503481376830  -797.353503481378200
   170.00000   -800.970146428318800  -800.970146428320050
   172.00000   -804.515175046735520  -804.515175046736660
   174.00000   -807.990007395342790  -807.990007395343010
   176.00000   -811.396033453410150  -811.396033453410500
   178.00000   -814.734615676775890  -814.734615676776460
   180.00000   -818.007089542844940  -818.007089542845160
   182.00000   -821.214764084796910  -821.214764084796910
   184.00000   -824.358922415216850  -824.358922415217760
   186.00000   -827.440822239361520  -827.440822239362660
   188.00000   -830.461696358253220  -830.461696358253790
   190.00000   -833.422753161817130  -833.422753161817700
   192.00000   -836.325177112256710  -836.325177112256820
   194.00000   -839.170129217850100  -839.170129217851130
   196.00000   -841.958747497374930  -841.958747497375950
   198.00000   -844.692147435324050  -844.692147435325070
   200.00000   -847.371422428119220  -847.371422428119560
   202.00000   -849.997644221481320  -849.997644221480750
   204.00000   -852.571863339143310  -852.571863339142620
   206.00000   -855.095109503076290  -855.095109503075720
   208.00000   -857.568392045389940  -857.568392045389260
   210.00000   -859.992700312078340  -859.992700312077770
   212.00000   -862.369004058773610  -862.369004058772360
   214.00000   -864.698253838658050  -864.698253838656460
   216.00000   -866.981381382700080  -866.981381382698710
   218.00000   -869.219299972359750  -869.219299972359180
   220.00000   -871.412904804912500  -871.412904804912840
   222.00000   -873.563073351541110  -873.563073351541220
   224.00000   -875.670665708331630  -875.670665708332310
   226.00000   -877.736524940329330  -877.736524940330360
   228.00000   -879.761477418772300  -879.761477418773320
   230.00000   -881.746333151651020  -881.746333151652380
   232.00000   -883.691886107724490  -883.691886107725740
   234.00000   -885.598914534116030  -885.598914534116830
   236.00000   -887.468181267622410  -887.468181267623660
   238.00000   -889.300434039862580  -889.300434039863600
   240.00000   -891.096405776375380  -891.096405776375720
   242.00000   -892.856814889801740  -892.856814889801400
   244.00000   -894.582365567258880  -894.582365567258310
   246.00000   -896.273748052026120  -896.273748052025210
   248.00000   -897.931638919649000  -897.931638919647980
   250.00000   -899.556701348580190  -899.556701348579170
   252.00000   -901.149585385458980  -901.149585385458180
   254.00000   -902.710928205140140  -902.710928205138540
   256.00000   -904.241354365567080  -904.241354365566280
   258.00000   -905.741476057612430  -905.741476057611410
   260.00000   -907.211893349954150  -907.211893349952790
   262.00000   -908.653194429113570  -908.653194429113110
   264.00000   -910.065955834742230  -910.065955834741660
   266.00000   -911.450742690237800  -911.450742690237800
   268.00000   -912.808108928807430  -912.808108928807660
   270.00000   -914.138597515044920  -914.138597515045260
   272.00000   -915.442740662124380  -915.442740662125060
   274.00000   -916.721060044693670  -916.721060044694920
   276.00000   -917.974067007550730  -917.974067007552090
   278.00000   -919.202262770187530  -919.202262770188900
   280.00000   -920.406138627285260  -920.406138627286400
   282.00000   -921.586176145238820  -921.586176145239390
   284.00000   -922.742847354788980  -922.742847354789210
   286.00000   -923.876614939842280  -923.876614939841940
   288.00000   -924.987932422549650  -924.987932422548970
   290.00000   -926.077244344720950  -926.077244344720950
   292.00000   -927.144986445650720  -927.144986445651060
   294.00000   -928.191585836416380  -928.191585836416610
   296.00000   -929.217461170727460  -929.217461170728710
   298.00000   -930.223022812398770  -930.223022812399450
   300.00000   -931.208672999492930  -931.208672999493390
   302.00000   -932.174806005227770  -932.174806005227310
   304.00000   -933.121808295685920  -933.121808295685580
   306.00000   -934.050058684412190  -934.050058684411280
   308.00000   -934.959928483937010  -934.959928483936660
   310.00000   -935.851781654314210  -935.851781654313300
   312.00000   -936.725974948701720  -936.725974948701040
   314.00000   -937.582858056074090  -937.582858056073410
   316.00000   -938.422773741100060  -938.422773741098810
   318.00000   -939.246057981251510  -939.246057981250260
   320.00000   -940.053040101202330  -940.053040101201080
   322.00000   -940.844042904560750  -940.844042904559160
   324.00000   -941.619382802994100  -941.619382802992730
   326.00000   -942.379369942800170  -942.379369942799030
   328.00000   -943.124308328968480  -943.124308328967350
   330.00000   -943.854495946785510  -943.854495946784820
   332.00000   -944.570224881035410  -944.570224881034510
   334.00000   -945.271781432833900  -945.271781432833340
   336.00000   -945.959446234156990  -945.959446234156190
   338.00000   -946.633494360093550  -946.633494360092640
   340.00000   -947.294195438881500  -947.294195438880480
   342.00000   -947.941813759760980  -947.941813759760630
   344.00000   -948.576608378696620  -948.576608378696390
   346.00000   -949.198833221999960  -949.198833221999620
   348.00000   -949.808737187903940  -949.808737187903940
   350.00000   -950.406564246127910  -950.406564246127910
   352.00000   -950.992553535465390  -950.992553535465850
   354.00000   -951.566939459446300  -951.566939459446870
   356.00000   -952.129951780099080  -952.129951780099190
   358.00000   -952.681815709858140  -952.681815709857910
   360.00000   -953.222752001653020  -953.222752001653250
   362.00000   -953.752977037213670  -953.752977037214580
   364.00000   -954.272702913624360  -954.272702913625840
   366.00000   -954.782137528165090  -954.782137528167250
   368.00000   -955.281484661475470  -955.281484661477290
   370.00000   -955.770944059065870  -955.770944059067350
   372.00000   -956.250711511222110  -956.250711511222680
   374.00000   -956.720978931320700  -956.720978931321160
   376.00000   -957.181934432600090  -957.181934432601000
   378.00000   -957.633762403408350  -957.633762403408920
   380.00000   -958.076643580957810  -958.076643580957690
   382.00000   -958.510755123623200  -958.510755123623650
   384.00000   -958.936270681811830  -958.936270681811830
   386.00000   -959.353360467419410  -959.353360467419410
   388.00000   -959.762191321921700  -959.762191321921700
   390.00000   -960.162926783111520  -960.162926783111740
   392.00000   -960.555727150515740  -960.555727150517100
   394.00000   -960.940749549521000  -960.940749549522370
   396.00000   -961.318147994220000  -961.318147994220570
   398.00000   -961.688073449021320  -961.688073449021890
   400.00000   -962.050673889040350  -962.050673889040470
   402.00000   -962.406094359287180  -962.406094359287180
   404.00000   -962.754477032689010  -962.754477032689120
   406.00000   -963.095961266960330  -963.095961266960670
   408.00000   -963.430683660349130  -963.430683660348790
   410.00000   -963.758778106274240  -963.758778106274010
   412.00000   -964.080375846890320  -964.080375846889180
   414.00000   -964.395605525580210  -964.395605525578500
   416.00000   -964.704593238418620  -964.704593238416810
   418.00000   -965.007462584610950  -965.007462584609020
   420.00000   -965.304334715934260  -965.304334715931870
   422.00000   -965.595328385198060  -965.595328385196240
   424.00000   -965.880559993751720  -965.880559993749900
   426.00000   -966.160143638041750  -966.160143638039360
   428.00000   -966.434191155252730  -966.434191155250120
   430.00000   -966.702812168044600  -966.702812168043120
   432.00000   -966.966114128406620  -966.966114128405140
   434.00000   -967.224202360632720  -967.224202360631010
   436.00000   -967.477180103456360  -967.477180103455000
   438.00000   -967.725148551348640  -967.725148551347050
   440.00000   -967.968206894993610  -967.968206894992930
   442.00000   -968.206452360970620  -968.206452360970730
   444.00000   -968.439980250642750  -968.439980250643430
   446.00000   -968.668883978280290  -968.668883978280860
   448.00000   -968.893255108425020  -968.893255108425930
   450.00000   -969.113183392522160  -969.113183392522500
   452.00000   -969.328756804815500  -969.328756804816630
   454.00000   -969.540061577546570  -969.540061577547590
   456.00000   -969.747182235440960  -969.747182235441760
   458.00000   -969.950201629523800  -969.950201629524030
   460.00000   -970.149200970258680  -970.149200970259130
   462.00000   -970.344259860035890  -970.344259860036460
   464.00000   -970.535456325013000  -970.535456325013000
   466.00000   -970.722866846323880  -970.722866846323880
   468.00000   -970.906566390676630  -970.906566390676520
   470.00000   -971.086628440337900  -971.086628440338130
   472.00000   -971.263125022528930  -971.263125022529270
   474.00000   -971.436126738235770  -971.436126738236230
   476.00000   -971.605702790452480  -971.605702790451910
   478.00000   -971.771921011858350  -971.771921011858350
   480.00000   -971.934847891960890  -971.934847891960320
   482.00000   -972.094548603682480  -972.094548603682370
   484.00000   -972.251087029438280  -972.251087029438390
   486.00000   -972.404525786686350  -972.404525786686010
   488.00000   -972.554926252973590  -972.554926252973930
   490.00000   -972.702348590493440  -972.702348590494130
   492.00000   -972.846851770146260  -972.846851770147170
   494.00000   -972.988493595131100  -972.988493595131670
   496.00000   -973.127330724065020  -973.127330724066270
   498.00000   -973.263418693652060  -973.263418693653650
   500.00000   -973.396811940894170  -973.396811940896210
