     0.02000      0.999801069039502    -0.019839527240526
     0.04000      0.999208570811404    -0.039356275615731
     0.06000      0.998228987388511    -0.058547624171870
     0.08000      0.996868851552627    -0.077411122676635
     0.10000      0.995134743397434    -0.095944489881608
     0.12000      0.993033286966521    -0.114145611745242
     0.14000      0.990571146927332    -0.132012539617697
     0.16000      0.987755025281796    -0.149543488388868
     0.18000      0.984591658114346    -0.166736834600904
     0.20000      0.981087812378035    -0.183591114526550
     0.22000      0.977250282719418    -0.200105022214607
     0.24000      0.973085888342837    -0.216277407503807
     0.26000      0.968601469914740    -0.232107274006402
     0.28000      0.963803886508616    -0.247593777062733
     0.30000      0.958700012591121    -0.262736221668065
     0.32000      0.953296735049930    -0.277534060372940
     0.34000      0.947600950263844    -0.291986891158313
     0.36000      0.941619561215628    -0.306094455286700
     0.38000      0.935359474648057    -0.319856635130589
     0.40000      0.928827598263618    -0.333273451979316
     0.42000      0.922030837968271    -0.346345063825639
     0.44000      0.914976095159675    -0.359071763133193
     0.46000      0.907670264060247    -0.371453974586028
     0.48000      0.900120229095401    -0.383492252821401
     0.50000      0.892332862317283    -0.395187280146986
     0.52000      0.884315020874313    -0.406539864243662
     0.54000      0.876073544526805    -0.417550935855012
     0.56000      0.867615253208923    -0.428221546464667
     0.58000      0.858946944637194    -0.438552865962605
     0.60000      0.850075391965805    -0.448546180301506
     0.62000      0.841007341488860    -0.458202889144257
     0.64000      0.831749510389766    -0.467524503503675
     0.66000      0.822308584537896    -0.476512643375509
     0.68000      0.812691216332645    -0.485169035365768
     0.70000      0.802904022594993    -0.493495510313408
     0.72000      0.792953582506650    -0.501494000909389
     0.74000      0.782846435596849    -0.509166539313116
     0.76000      0.772589079776827    -0.516515254767236
     0.78000      0.762187969422015    -0.523542371211778
     0.80000      0.751649513501952    -0.530250204898580
     0.82000      0.740980073757893    -0.536641162006962
     0.84000      0.730185962928086    -0.542717736261548
     0.86000      0.719273443020661    -0.548482506553174
     0.88000      0.708248723634067    -0.553938134563753
     0.90000      0.697117960324959    -0.559087362395999
     0.92000      0.685887253023442    -0.563933010208851
     0.94000      0.674562644495534    -0.568477973859466
     0.96000      0.663150118852724    -0.572725222552596
     0.98000      0.651655600108458    -0.576677796498174
     1.00000      0.640084950781383    -0.580338804577906
     1.02000      0.628443970545166    -0.583711422021649
     1.04000      0.616738394924681    -0.586798888094344
     1.06000      0.604973894038345    -0.589604503794257
     1.08000      0.593156071386365    -0.592131629563254
     1.10000      0.581290462684661    -0.594383683009839
     1.12000      0.569382534744193    -0.596364136645646
     1.14000      0.557437684395411    -0.598076515636070
     1.16000      0.545461237457556    -0.599524395565718
     1.18000      0.533458447752488    -0.600711400219307
     1.20000      0.521434496162746    -0.601641199378678
     1.22000      0.509394489733491    -0.602317506636504
     1.24000      0.497343460818015    -0.602744077227337
     1.26000      0.485286366266440    -0.602924705876543
     1.28000      0.473228086657258    -0.602863224667715
     1.30000      0.461173425571338    -0.602563500929116
     1.32000      0.449127108908003    -0.602029435139681
     1.34000      0.437093784242790    -0.601264958855098
     1.36000      0.425078020226483    -0.600274032654485
     1.38000      0.413084306025004    -0.599060644108136
     1.40000      0.401117050799729    -0.597628805766815
     1.42000      0.389180583227808    -0.595982553173057
     1.44000      0.377279151062024    -0.594125942894902
     1.46000      0.365416920729761    -0.592063050582509
     1.48000      0.353597976970597    -0.589797969048036
     1.50000      0.341826322512072    -0.587334806369188
     1.52000      0.330105877783141    -0.584677684016814
     1.54000      0.318440480664828    -0.581830735006904
     1.56000      0.306833886277603    -0.578798102077342
     1.58000      0.295289766804964    -0.575583935889740
     1.60000      0.283811711352735    -0.572192393256667
     1.62000      0.272403225843557    -0.568627635394580
     1.64000      0.261067732946071    -0.564893826202734
     1.66000      0.249808572038247    -0.560995130568351
     1.68000      0.238628999204357    -0.556935712698292
     1.70000      0.227532187265043    -0.552719734477484
     1.72000      0.216521225839944    -0.548351353854325
     1.74000      0.205599121442347    -0.543834723253279
     1.76000      0.194768797605313    -0.539173988014852
     1.78000      0.184033095038727    -0.534373284863152
     1.80000      0.173394771816715    -0.529436740401188
     1.82000      0.162856503594888    -0.524368469634060
     1.84000      0.152420883856826    -0.519172574520206
     1.86000      0.142090424189273    -0.513853142550813
     1.88000      0.131867554585445    -0.508414245357518
     1.90000      0.121754623775910    -0.502859937348504
     1.92000      0.111753899586463    -0.497194254373078
     1.94000      0.101867569322411    -0.491421212414808
     1.96000      0.092097740178726    -0.485544806313290
     1.98000      0.082446439675464    -0.479569008514594
     2.00000      0.072915616117892    -0.473497767850421
     2.02000      0.063507139080746    -0.467335008346022
     2.04000      0.054222799916037    -0.461084628056872
     2.06000      0.045064312283847    -0.454750497934116
     2.08000      0.036033312705513    -0.448336460718780
     2.10000      0.027131361138656    -0.441846329864730
     2.12000      0.018359941573447    -0.435283888490338
     2.14000      0.009720462649569    -0.428652888358839
     2.16000      0.001214258293272    -0.421957048887304
     2.18000     -0.007157411626029    -0.415200056184181
     2.20000     -0.015393360620193    -0.408385562115332
     2.22000     -0.023492474888405    -0.401517183398480
     2.24000     -0.031453712605384    -0.394598500725975
     2.26000     -0.039276103192348    -0.387633057915786
     2.28000     -0.046958746571264    -0.380624361090588
     2.30000     -0.054500812402970    -0.373575877884854
     2.32000     -0.061901539309710    -0.366491036679788
     2.34000     -0.069160234082657    -0.359373225865988
     2.36000     -0.076276270874946    -0.352225793133678
     2.38000     -0.083249090380810    -0.345052044790356
     2.40000     -0.090078199001317    -0.337855245105691
     2.42000     -0.096763167997299    -0.330638615683505
     2.44000     -0.103303632629971    -0.323405334860649
     2.46000     -0.109699291289809    -0.316158537132588
     2.48000     -0.115949904614193    -0.308901312605503
     2.50000     -0.122055294594370    -0.301636706474700
     2.52000     -0.128015343672230    -0.294367718529127
     2.54000     -0.133829993827445    -0.287097302681757
     2.56000     -0.139499245655466    -0.279828366525650
     2.58000     -0.145023157436896    -0.272563770915422
     2.60000     -0.150401844198750    -0.265306329573915
     2.62000     -0.155635476768089    -0.258058808723808
     2.64000     -0.160724280818542    -0.250823926743924
     2.66000     -0.165668535910195    -0.243604353849978
     2.68000     -0.170468574523339    -0.236402711799503
     2.70000     -0.175124781086555    -0.229221573620686
     2.72000     -0.179637590999611    -0.222063463364850
     2.74000     -0.184007489651644    -0.214930855882290
     2.76000     -0.188235011435095    -0.207826176621199
     2.78000     -0.192320738755842    -0.200751801449383
     2.80000     -0.196265301039997    -0.193710056498483
     2.82000     -0.200069373737815    -0.186703218030400
     2.84000     -0.203733677325139    -0.179733512325636
     2.86000     -0.207258976302843    -0.172803115593235
     2.88000     -0.210646078194675    -0.165914153902021
     2.90000     -0.213895832543942    -0.159068703132830
     2.92000     -0.217009129909447    -0.152268788951405
     2.94000     -0.219986900861081    -0.145516386801657
     2.96000     -0.222830114975490    -0.138813421918954
     2.98000     -0.225539779832202    -0.132161769363127
     3.00000     -0.228116940010605    -0.125563254070854
     3.02000     -0.230562676088171    -0.119019650927114
     3.04000     -0.232878103640288    -0.112532684855356
     3.06000     -0.235064372242089    -0.106104030926067
     3.08000     -0.237122664472628    -0.099735314483398
     3.10000     -0.239054194921764    -0.093428111289513
     3.12000     -0.240860209200117    -0.087183947686317
     3.14000     -0.242541982952414    -0.081004300774232
     3.16000     -0.244100820874594    -0.074890598607670
     3.18000     -0.245538055734976    -0.068844220406872
     3.20000     -0.246855047399825    -0.062866496785750
     3.22000     -0.248053181863639    -0.056958709995413
     3.24000     -0.249133870284455    -0.051122094183010
     3.26000     -0.250098548024484    -0.045357835665557
     3.28000     -0.250948673696364    -0.039667073218387
     3.30000     -0.251685728215338    -0.034050898377904
     3.32000     -0.252311213857614    -0.028510355758258
     3.34000     -0.252826653325200    -0.023046443381622
     3.36000     -0.253233588817481    -0.017660113021714
     3.38000     -0.253533581109793    -0.012352270560215
     3.40000     -0.253728208639246    -0.007123776355743
     3.42000     -0.253819066598061    -0.001975445625030
     3.44000     -0.253807766034640     0.003091951164035
     3.46000     -0.253695932962615     0.008077687887845
     3.48000     -0.253485207478105     0.012981082351344
     3.50000     -0.253177242885389     0.017801495861459
     3.52000     -0.252773704831220     0.022538332790043
     3.54000     -0.252276270447985     0.027191040126665
     3.56000     -0.251686627505903     0.031759107021594
     3.58000     -0.251006473574459     0.036242064319298
     3.60000     -0.250237515193264     0.040639484082809
     3.62000     -0.249381467052512     0.044950979109283
     3.64000     -0.248440051183214     0.049176202437083
     3.66000     -0.247414996157370     0.053314846844716
     3.68000     -0.246308036298243     0.057366644341963
     3.70000     -0.245120910900884     0.061331365653507
     3.72000     -0.243855363463059     0.065208819695405
     3.74000     -0.242513140926713     0.068998853044708
     3.76000     -0.241095992930109     0.072701349402563
     3.78000     -0.239605671070768     0.076316229051100
     3.80000     -0.238043928179328     0.079843448304423
     3.82000     -0.236412517604441     0.083282998954028
     3.84000     -0.234713192508820     0.086634907708930
     3.86000     -0.232947705176521     0.089899235630839
     3.88000     -0.231117806331583     0.093076077564655
     3.90000     -0.229225244468096     0.096165561564603
     3.92000     -0.227271765191783     0.099167848316306
     3.94000     -0.225259110573183     0.102083130555070
     3.96000     -0.223189018512511     0.104911632480695
     3.98000     -0.221063222116236     0.107653609169085
     4.00000     -0.218883449085479     0.110309345980945
     4.02000     -0.216651421116242     0.112879157967850
     4.04000     -0.214368853311555     0.115363389275957
     4.06000     -0.212037453605565     0.117762412547637
     4.08000     -0.209658922199609     0.120076628321298
     4.10000     -0.207234951010308     0.122306464429667
     4.12000     -0.204767223129710     0.124452375396785
     4.14000     -0.202257412297502     0.126514841833994
     4.16000     -0.199707182385309     0.128494369835148
     4.18000     -0.197118186893100     0.130391490371321
     4.20000     -0.194492068457695     0.132206758685246
     4.22000     -0.191830458373390     0.133940753685735
     4.24000     -0.189134976124689     0.135594077342324
     4.26000     -0.186407228931137     0.137167354080373
     4.28000     -0.183648811304254     0.138661230176857
     4.30000     -0.180861304616528     0.140076373157076
     4.32000     -0.178046276682480     0.141413471192514
     4.34000     -0.175205281351745     0.142673232500058
     4.36000     -0.172339858114163     0.143856384742798
     4.38000     -0.169451531716828     0.144963674432629
     4.40000     -0.166541811793072     0.145995866334848
     4.42000     -0.163612192503335     0.146953742874961
     4.44000     -0.160664152187866     0.147838103547902
     4.46000     -0.157699153031227     0.148649764329851
     4.48000     -0.154718640738525     0.149389557092850
     4.50000     -0.151724044223323     0.150058329022404
     4.52000     -0.148716775307167     0.150656942038246
     4.54000     -0.145698228430671     0.151186272218456
     4.56000     -0.142669780376074     0.151647209227099
     4.58000     -0.139632790001219     0.152040655745553
     4.60000     -0.136588597984856     0.152367526907706
     4.62000     -0.133538526583209     0.152628749739170
     4.64000     -0.130483879397714     0.152825262600682
     4.66000     -0.127425941153850     0.152958014635839
     4.68000     -0.124365977490959     0.153027965223324
     4.70000     -0.121305234762993     0.153036083433757
     4.72000     -0.118244939850061     0.152983347491334
     4.74000     -0.115186299980701     0.152870744240366
     4.76000     -0.112130502564773     0.152699268616875
     4.78000     -0.109078715036864     0.152469923125364
     4.80000     -0.106032084710105     0.152183717320879
     4.82000     -0.102991738640298     0.151841667296515
     4.84000     -0.099958783500231     0.151444795176438
     4.86000     -0.096934305464080     0.150994128614583
     4.88000     -0.093919370101781     0.150490700299098
     4.90000     -0.090915022283247     0.149935547462665
     4.92000     -0.087922286092332     0.149329711398790
     4.94000     -0.084942164750394     0.148674236984155
     4.96000     -0.081975640549362     0.147970172207136
     4.98000     -0.079023674794161     0.147218567702562
     5.00000     -0.076087207754386     0.146420476292814
     5.02000     -0.073167158625084     0.145576952535341
     5.04000     -0.070264425496524     0.144689052276667
     5.06000     -0.067379885332822     0.143757832212963
     5.08000     -0.064514393959287     0.142784349457264
     5.10000     -0.061668786058352     0.141769661113381
     5.12000     -0.058843875173970     0.140714823856590
     5.14000     -0.056040453724313     0.139620893521137
     5.16000     -0.053259293022668     0.138488924694631
     5.18000     -0.050501143306361     0.137319970319365
     5.20000     -0.047766733773598     0.136115081300623
     5.22000     -0.045056772628058     0.134875306122006
     5.24000     -0.042371947131121     0.133601690467830
     5.26000     -0.039712923661563     0.132295276852630
     5.28000     -0.037080347782604     0.130957104257792
     5.30000     -0.034474844316141     0.129588207775369
     5.32000     -0.031897017424038     0.128189618259082
     5.34000     -0.029347450696321     0.126762361982548
     5.36000     -0.026826707246139     0.125307460304753
     5.38000     -0.024335329811343     0.123825929342775
     5.40000     -0.021873840862530     0.122318779651792
     5.42000     -0.019442742717428     0.120787015912372
     5.44000     -0.017042517661449     0.119231636625057
     5.46000     -0.014673628074286     0.117653633812249
     5.48000     -0.012336516562394     0.116053992727394
     5.50000     -0.010031606097218     0.114433691571474
     5.52000     -0.007759300159015     0.112793701216796
     5.54000     -0.005519982886132     0.111134984938066
     5.56000     -0.003314019229580     0.109458498150761
     5.58000     -0.001141755112782     0.107765188156755
     5.60000      0.000996482403675     0.106055993897216
     5.62000      0.003100384952419     0.104331845712735
     5.64000      0.005169662684934     0.102593665110679
     5.66000      0.007204044092640     0.100842364539741
     5.68000      0.009203275823514     0.099078847171658
     5.70000      0.011167122494437     0.097304006690085
     5.72000      0.013095366499373     0.095518727086575
     5.74000      0.014987807813552     0.093723882463649
     5.76000      0.016844263793773     0.091920336844916
     5.78000      0.018664568974991     0.090108943992200
     5.80000      0.020448574863306     0.088290547229652
     5.82000      0.022196149725511     0.086465979274783
     5.84000      0.023907178375328     0.084636062076401
     5.86000      0.025581561956466     0.082801606659381
     5.88000      0.027219217722653     0.080963412976245
     5.90000      0.028820078814756     0.079122269765479
     5.92000      0.030384094035140     0.077278954416563
     5.94000      0.031911227619397     0.075434232841632
     5.96000      0.033401459005566     0.073588859353741
     5.98000      0.034854782600991     0.071743576551656
     6.00000      0.036271207546940     0.069899115211124
     6.02000      0.037650757481104     0.068056194182567
     6.04000      0.038993470298127     0.066215520295121
     6.06000      0.040299397908268     0.064377788266974
     6.08000      0.041568605994342     0.062543680621935
     6.10000      0.042801173767046     0.060713867612163
     6.12000      0.043997193718808     0.058889007146990
     6.14000      0.045156771376262     0.057069744727777
     6.16000      0.046280025051496     0.055256713388720
     6.18000      0.047367085592158     0.053450533643552
     6.20000      0.048418096130567     0.051651813438052
     6.22000      0.049433211831925     0.049861148108295
     6.24000      0.050412599641753     0.048079120344573
     6.26000      0.051356438032662     0.046306300160903
     6.28000      0.052264916750567     0.044543244870050
     6.30000      0.053138236560458     0.042790499063983
     6.32000      0.053976608991836     0.041048594599696
     6.34000      0.054780256083910     0.039318050590304
     6.36000      0.055549410130682     0.037599373401331
     6.38000      0.056284313425992     0.035893056652125
     6.40000      0.056985218008657     0.034199581222305
     6.42000      0.057652385407779     0.032519415263154
     6.44000      0.058286086388334     0.030853014213894
     6.46000      0.058886600697134     0.029200820822738
     6.48000      0.059454216809255     0.027563265172645
     6.50000      0.059989231675030     0.025940764711694
     6.52000      0.060491950467691     0.024333724287989
     6.54000      0.060962686331758     0.022742536189007
     6.56000      0.061401760132251     0.021167580185312
     6.58000      0.061809500204835     0.019609223578532
     6.60000      0.062186242106943     0.018067821253533
     6.62000      0.062532328370007     0.016543715734681
     6.64000      0.062848108252840     0.015037237246127
     6.66000      0.063133937496267     0.013548703776007
     6.68000      0.063390178079078     0.012078421144482
     6.70000      0.063617197975386     0.010626683075526
     6.72000      0.063815370913441     0.009193771272374
     6.74000      0.063985076136013     0.007779955496541
     6.76000      0.064126698162363     0.006385493650331
     6.78000      0.064240626551924     0.005010631862733
     6.80000      0.064327255669714     0.003655604578632
     6.82000      0.064386984453576     0.002320634651240
     6.84000      0.064420216183293     0.001005933437655
     6.86000      0.064427358251651    -0.000288299102530
     6.88000      0.064408821937494    -0.001561874305663
     6.90000      0.064365022180848    -0.002814614699600
     6.92000      0.064296377360159    -0.004046353896485
     6.94000      0.064203309071700    -0.005256936482838
     6.96000      0.064086241911206    -0.006446217907032
     6.98000      0.063945603257783    -0.007614064364240
     7.00000      0.063781823060142    -0.008760352678955
     7.02000      0.063595333625207    -0.009884970185146
     7.04000      0.063386569409146    -0.010987814604152
     7.06000      0.063155966810858    -0.012068793920393
     7.08000      0.062903963967975    -0.013127826254977
     7.10000      0.062631000555409    -0.014164839737295
     7.12000      0.062337517586486    -0.015179772374681
     7.14000      0.062023957216705    -0.016172571920220
     7.16000      0.061690762550162    -0.017143195738792
     7.18000      0.061338377448664    -0.018091610671421
     7.20000      0.060967246343582    -0.019017792898023
     7.22000      0.060577814050453    -0.019921727798625
     7.24000      0.060170525586380    -0.020803409813133
     7.26000      0.059745825990248    -0.021662842299738
     7.28000      0.059304160145785    -0.022500037392023
     7.30000      0.058845972607494    -0.023315015854861
     7.32000      0.058371707429476    -0.024107806939172
     7.34000      0.057881807997172    -0.024878448235622
     7.36000      0.057376716862039    -0.025626985527332
     7.38000      0.056856875579182    -0.026353472641673
     7.40000      0.056322724547955    -0.027057971301226
     7.42000      0.055774702855559    -0.027740550973973
     7.44000      0.055213248123633    -0.028401288722786
     7.46000      0.054638796357869    -0.029040269054302
     7.48000      0.054051781800655    -0.029657583767238
     7.50000      0.053452636786746    -0.030253331800215
     7.52000      0.052841791602002    -0.030827619079177
     7.54000      0.052219674345162    -0.031380558364444
     7.56000      0.051586710792693    -0.031912269097495
     7.58000      0.050943324266700    -0.032422877247519
     7.60000      0.050289935505904    -0.032912515157823
     7.62000      0.049626962539703    -0.033381321392142
     7.64000      0.048954820565294    -0.033829440580918
     7.66000      0.048273921827881    -0.034257023267621
     7.68000      0.047584675503947    -0.034664225755152
     7.70000      0.046887487587603    -0.035051209952407
     7.72000      0.046182760779998    -0.035418143221047
     7.74000      0.045470894381795    -0.035765198222541
     7.76000      0.044752284188702    -0.036092552765525
     7.78000      0.044027322390052    -0.036400389653557
     7.80000      0.043296397470423    -0.036688896533288
     7.82000      0.042559894114291    -0.036958265743134
     7.84000      0.041818193113703    -0.037208694162487
     7.86000      0.041071671278959    -0.037440383061510
     7.88000      0.040320701352298    -0.037653537951584
     7.90000      0.039565651924558    -0.037848368436435
     7.92000      0.038806887354813    -0.038025088064012
     7.94000      0.038044767692969    -0.038183914179141
     7.96000      0.037279648605282    -0.038325067777016
     7.98000      0.036511881302821    -0.038448773357568
     8.00000      0.035741812472812    -0.038555258780750
     8.02000      0.034969784212880    -0.038644755122792
     8.04000      0.034196133968156    -0.038717496533454
     8.06000      0.033421194471220    -0.038773720094334
     8.08000      0.032645293684875    -0.038813665678254
     8.10000      0.031868754747718    -0.038837575809774
     8.12000      0.031091895922493    -0.038845695526866
     8.14000      0.030315030547190    -0.038838272243792
     8.16000      0.029538466988891    -0.038815555615204
     8.18000      0.028762508600297    -0.038777797401526
     8.20000      0.027987453678959    -0.038725251335624
     8.22000      0.027213595429148    -0.038658172990821
     8.24000      0.026441221926350    -0.038576819650270
     8.26000      0.025670616084371    -0.038481450177721
     8.28000      0.024902055625001    -0.038372324889718
     8.30000      0.024135813050225    -0.038249705429243
     8.32000      0.023372155616947    -0.038113854640841
     8.34000      0.022611345314193    -0.037965036447251
     8.36000      0.021853638842769    -0.037803515727565
     8.38000      0.021099287597339    -0.037629558196945
     8.40000      0.020348537650894    -0.037443430287915
     8.42000      0.019601629741579    -0.037245399033252
     8.44000      0.018858799261842    -0.037035731950502
     8.46000      0.018120276249886    -0.036814696928127
     8.48000      0.017386285383370    -0.036582562113326
     8.50000      0.016657045975344    -0.036339595801522
     8.52000      0.015932771972375    -0.036086066327549
     8.54000      0.015213671954834    -0.035822241958549
     8.56000      0.014499949139306    -0.035548390788603
     8.58000      0.013791801383089    -0.035264780635089
     8.60000      0.013089421190752    -0.034971678936808
     8.62000      0.012392995722709    -0.034669352653873
     8.64000      0.011702706805778    -0.034358068169372
     8.66000      0.011018730945695    -0.034038091192829
     8.68000      0.010341239341529    -0.033709686665459
     8.70000      0.009670397901985    -0.033373118667234
     8.72000      0.009006367263542    -0.033028650325766
     8.74000      0.008349302810396    -0.032676543727011
     8.76000      0.007699354696170    -0.032317059827810
     8.78000      0.007056667867357    -0.031950458370257
     8.80000      0.006421382088456    -0.031576997797919
     8.82000      0.005793631968764    -0.031196935173895
     8.84000      0.005173546990788    -0.030810526100719
     8.86000      0.004561251540246    -0.030418024642126
     8.88000      0.003956864937606    -0.030019683246659
     8.90000      0.003360501471139    -0.029615752673135
     8.92000      0.002772270431446    -0.029206481917962
     8.94000      0.002192276147415    -0.028792118144315
     8.96000      0.001620618023579    -0.028372906613154
     8.98000      0.001057390578834    -0.027949090616099
     9.00000      0.000502683486485    -0.027520911410149
     9.02000     -0.000043418384430    -0.027088608154248
     9.04000     -0.000580834926553    -0.026652417847681
     9.06000     -0.001109490750418    -0.026212575270319
     9.08000     -0.001629315139477    -0.025769312924682
     9.10000     -0.002140242003991    -0.025322860979826
     9.12000     -0.002642209833810    -0.024873447217056
     9.14000     -0.003135161650099    -0.024421296977434
     9.16000     -0.003619044956013    -0.023966633111103
     9.18000     -0.004093811686395    -0.023509675928391
     9.20000     -0.004559418156502    -0.023050643152710
     9.22000     -0.005015825009809    -0.022589749875219
     9.24000     -0.005462997164928    -0.022127208511258
     9.26000     -0.005900903761670    -0.021663228758535
     9.28000     -0.006329518106290    -0.021198017557049
     9.30000     -0.006748817615942    -0.020731779050752
     9.32000     -0.007158783762393    -0.020264714550922
     9.34000     -0.007559402015018    -0.019797022501246
     9.36000     -0.007950661783109    -0.019328898444590
     9.38000     -0.008332556357545    -0.018860534991454
     9.40000     -0.008705082851839    -0.018392121790087
     9.42000     -0.009068242142612    -0.017923845498251
     9.44000     -0.009422038809510    -0.017455889756624
     9.46000     -0.009766481074614    -0.016988435163819
     9.48000     -0.010101580741359    -0.016521659253005
     9.50000     -0.010427353133009    -0.016055736470123
     9.52000     -0.010743817030700    -0.015590838153664
     9.54000     -0.011050994611111    -0.015127132516006
     9.56000     -0.011348911383761    -0.014664784626285
     9.58000     -0.011637596127988    -0.014203956394790
     9.60000     -0.011917080829630    -0.013744806558851
     9.62000     -0.012187400617435    -0.013287490670222
     9.64000     -0.012448593699234    -0.012832161083911
     9.66000     -0.012700701297912    -0.012378966948476
     9.68000     -0.012943767587187    -0.011928054197730
     9.70000     -0.013177839627251    -0.011479565543865
     9.72000     -0.013402967300274    -0.011033640471955
     9.74000     -0.013619203245821    -0.010590415235837
     9.76000     -0.013826602796198    -0.010150022855324
     9.78000     -0.014025223911753    -0.009712593114765
     9.80000     -0.014215127116166    -0.009278252562895
     9.82000     -0.014396375431741    -0.008847124513979
     9.84000     -0.014569034314744    -0.008419329050223
     9.86000     -0.014733171590793    -0.007994983025422
     9.88000     -0.014888857390338    -0.007574200069838
     9.90000     -0.015036164084247    -0.007157090596279
     9.92000     -0.015175166219531    -0.006743761807351
     9.94000     -0.015305940455220    -0.006334317703881
     9.96000     -0.015428565498420    -0.005928859094464
     9.98000     -0.015543122040577    -0.005527483606134
    10.00000     -0.015649692693955    -0.005130285696123
    10.02000     -0.015748361928376    -0.004737356664699
    10.04000     -0.015839216008209    -0.004348784669038
    10.06000     -0.015922342929659    -0.003964654738139
    10.08000     -0.015997832358364    -0.003585048788737
    10.10000     -0.016065775567309    -0.003210045642193
    10.12000     -0.016126265375106    -0.002839721042353
    10.14000     -0.016179396084621    -0.002474147674341
    10.16000     -0.016225263422000    -0.002113395184266
    10.18000     -0.016263964476091    -0.001757530199824
    10.20000     -0.016295597638292    -0.001406616351770
    10.22000     -0.016320262542830    -0.001060714296240
    10.24000     -0.016338060007501    -0.000719881737896
    10.26000     -0.016349091974880    -0.000384173453875
    10.28000     -0.016353461454014    -0.000053641318525
    10.30000     -0.016351272462619     0.000271665671108
    10.32000     -0.016342629969801     0.000591701369049
    10.34000     -0.016327639839294     0.000906422453451
    10.36000     -0.016306408773262     0.001215788398962
    10.38000     -0.016279044256642     0.001519761448412
    10.40000     -0.016245654502077     0.001818306583863
    10.42000     -0.016206348395421     0.002111391497020
    10.44000     -0.016161235441848     0.002398986559046
    10.46000     -0.016110425712571     0.002681064789784
    10.48000     -0.016054029792180     0.002957601826427
    10.50000     -0.015992158726611     0.003228575891636
    10.52000     -0.015924923971765     0.003493967761144
    10.54000     -0.015852437342769     0.003753760730862
    10.56000     -0.015774810963907     0.004007940583506
    10.58000     -0.015692157219226     0.004256495554761
    10.60000     -0.015604588703810     0.004499416299019
    10.62000     -0.015512218175760     0.004736695854694
    10.64000     -0.015415158508860     0.004968329609146
    10.66000     -0.015313522645951     0.005194315263222
    10.68000     -0.015207423553022     0.005414652795452
    10.70000     -0.015096974174014     0.005629344425902
    10.72000     -0.014982287386357     0.005838394579716
    10.74000     -0.014863475957232     0.006041809850357
    10.76000     -0.014740652500575     0.006239598962577
    10.78000     -0.014613929434827     0.006431772735120
    10.80000     -0.014483418941424     0.006618344043199
    10.82000     -0.014349232924051     0.006799327780740
    10.84000     -0.014211482968640     0.006974740822432
    10.86000     -0.014070280304140     0.007144601985592
    10.88000     -0.013925735764049     0.007308931991860
    10.90000     -0.013777959748706     0.007467753428752
    10.92000     -0.013627062188364     0.007621090711083
    10.94000     -0.013473152507029     0.007768970042270
    10.96000     -0.013316339587076     0.007911419375549
    10.98000     -0.013156731734639     0.008048468375106
    11.00000     -0.012994436645786     0.008180148377149
    11.02000     -0.012829561373463     0.008306492350937
    11.04000     -0.012662212295226     0.008427534859772
    11.06000     -0.012492495081751     0.008543312021988
    11.08000     -0.012320514666121     0.008653861471930
    11.10000     -0.012146375213897     0.008759222320965
    11.12000     -0.011970180093966     0.008859435118511
    11.14000     -0.011792031850173     0.008954541813126
    11.16000     -0.011612032173723     0.009044585713653
    11.18000     -0.011430281876364     0.009129611450442
    11.20000     -0.011246880864345     0.009209664936667
    11.22000     -0.011061928113145     0.009284793329744
    11.24000     -0.010875521642973     0.009355044992872
    11.26000     -0.010687758495034     0.009420469456699
    11.28000     -0.010498734708566     0.009481117381140
    11.30000     -0.010308545298633     0.009537040517352
    11.32000     -0.010117284234677     0.009588291669873
    11.34000     -0.009925044419832     0.009634924658956
    11.36000     -0.009731917670981     0.009676994283085
    11.38000     -0.009537994699566     0.009714556281705
    11.40000     -0.009343365093138     0.009747667298171
    11.42000     -0.009148117297652     0.009776384842921
    11.44000     -0.008952338600487     0.009800767256896
    11.46000     -0.008756115114199     0.009820873675206
    11.48000     -0.008559531761004     0.009836763991058
    11.50000     -0.008362672257970     0.009848498819960
    11.52000     -0.008165619102929     0.009856139464203
    11.54000     -0.007968453561091     0.009859747877632
    11.56000     -0.007771255652367     0.009859386630724
    11.58000     -0.007574104139381     0.009855118875971
    11.60000     -0.007377076516171     0.009847008313585
    11.62000     -0.007180248997579     0.009835119157521
    11.64000     -0.006983696509310     0.009819516101850
    11.66000     -0.006787492678664     0.009800264287463
    11.68000     -0.006591709825931     0.009777429269132
    11.70000     -0.006396418956436     0.009751076982928
    11.72000     -0.006201689753242     0.009721273714004
    11.74000     -0.006007590570481     0.009688086064754
    11.76000     -0.005814188427329     0.009651580923349
    11.78000     -0.005621549002597     0.009611825432656
    11.80000     -0.005429736629953     0.009568886959560
    11.82000     -0.005238814293734     0.009522833064669
    11.84000     -0.005048843625381     0.009473731472434
    11.86000     -0.004859884900452     0.009421650041678
    11.88000     -0.004671997036229     0.009366656736532
    11.90000     -0.004485237589894     0.009308819597797
    11.92000     -0.004299662757284     0.009248206714728
    11.94000     -0.004115327372199     0.009184886197248
    11.96000     -0.003932284906261     0.009118926148590
    11.98000     -0.003750587469318     0.009050394638384
    12.00000     -0.003570285810385     0.008979359676179
    12.02000     -0.003391429319101     0.008905889185407
    12.04000     -0.003214066027714     0.008830050977802
    12.06000     -0.003038242613563     0.008751912728262
    12.08000     -0.002864004402063     0.008671541950168
    12.10000     -0.002691395370178     0.008589005971161
    12.12000     -0.002520458150378     0.008504371909368
    12.14000     -0.002351234035058     0.008417706650101
    12.16000     -0.002183762981426     0.008329076823009
    12.18000     -0.002018083616840     0.008238548779699
    12.20000     -0.001854233244590     0.008146188571817
    12.22000     -0.001692247850113     0.008052061929605
    12.24000     -0.001532162107628     0.007956234240915
    12.26000     -0.001374009387194     0.007858770530703
    12.28000     -0.001217821762166     0.007759735440983
    12.30000     -0.001063630017052     0.007659193211254
    12.32000     -0.000911463655756     0.007557207659405
    12.34000     -0.000761350910194     0.007453842163077
    12.36000     -0.000613318749286     0.007349159641506
    12.38000     -0.000467392888295     0.007243222537831
    12.40000     -0.000323597798530     0.007136092801875
    12.42000     -0.000181956717376     0.007027831873392
    12.44000     -0.000042491658657     0.006918500665783
    12.46000      0.000094776576672     0.006808159550281
    12.48000      0.000229828389532     0.006696868340604
    12.50000      0.000362645371419     0.006584686278062
    12.52000      0.000493210292811     0.006471672017144
    12.54000      0.000621507091290     0.006357883611553
    12.56000      0.000747520859390     0.006243378500709
    12.58000      0.000871237832186     0.006128213496704
