     0.02000      0.999999998338763    -0.000000331995918
     0.04000      0.999999973505020    -0.000002645204933
     0.06000      0.999999866305944    -0.000008891032461
     0.08000      0.999999578849171    -0.000020987952369
     0.10000      0.999998975205832    -0.000040821070096
     0.12000      0.999997882082121    -0.000070241706008
     0.14000      0.999996089498998    -0.000111066998845
     0.16000      0.999993351479619    -0.000165079529136
     0.18000      0.999989386744102    -0.000234026962414
     0.20000      0.999983879411228    -0.000319621712088
     0.22000      0.999976479706696    -0.000423540621820
     0.24000      0.999966804677530    -0.000547424667231
     0.26000      0.999954438912264    -0.000692878676767
     0.28000      0.999938935266519    -0.000861471071571
     0.30000      0.999919815593592    -0.001054733624153
     0.32000      0.999896571479689    -0.001274161235699
     0.34000      0.999868664983420    -0.001521211731821
     0.36000      0.999835529379206    -0.001797305676555
     0.38000      0.999796569904216    -0.002103826204413
     0.40000      0.999751164508491    -0.002442118870292
     0.42000      0.999698664607888    -0.002813491517031
     0.44000      0.999638395839499    -0.003219214160402
     0.46000      0.999569658819203    -0.003660518891346
     0.48000      0.999491729900994    -0.004138599795207
     0.50000      0.999403861937762    -0.004654612887772
     0.52000      0.999305285043184    -0.005209676067879
     0.54000      0.999195207354406    -0.005804869086380
     0.56000      0.999072815795171    -0.006441233531217
     0.58000      0.998937276839097    -0.007119772828396
     0.60000      0.998787737272779    -0.007841452258609
     0.62000      0.998623324958393    -0.008607198989287
     0.64000      0.998443149595521    -0.009417902121823
     0.66000      0.998246303481869    -0.010274412753750
     0.68000      0.998031862272605    -0.011177544055604
     0.70000      0.997798885738007    -0.012128071362251
     0.72000      0.997546418519142    -0.013126732278415
     0.74000      0.997273490881302    -0.014174226798168
     0.76000      0.996979119464905    -0.015271217438121
     0.78000      0.996662308033601    -0.016418329384080
     0.80000      0.996322048219309    -0.017616150650897
     0.82000      0.995957320263932    -0.018865232255276
     0.84000      0.995567093757486    -0.020166088401265
     0.86000      0.995150328372392    -0.021519196678185
     0.88000      0.994705974593691    -0.022924998270744
     0.90000      0.994232974444937    -0.024383898181061
     0.92000      0.993730262209528    -0.025896265462355
     0.94000      0.993196765147254    -0.027462433464035
     0.96000      0.992631404205830    -0.029082700087927
     0.98000      0.992033094727191    -0.030757328055385
     1.00000      0.991400747148347    -0.032486545185017
     1.02000      0.990733267696569    -0.034270544680770
     1.04000      0.990029559078718    -0.036109485430109
     1.06000      0.989288521164516    -0.038003492312036
     1.08000      0.988509051663546    -0.039952656514676
     1.10000      0.987690046795824    -0.041957035862188
     1.12000      0.986830401955728    -0.044016655150711
     1.14000      0.985929012369130    -0.046131506493125
     1.16000      0.984984773743539    -0.048301549672327
     1.18000      0.983996582911098    -0.050526712502792
     1.20000      0.982963338464273    -0.052806891200152
     1.22000      0.981883941384069    -0.055141950758524
     1.24000      0.980757295660620    -0.057531725335356
     1.26000      0.979582308906018    -0.059976018643508
     1.28000      0.978357892959224    -0.062474604350336
     1.30000      0.977082964482929    -0.065027226483511
     1.32000      0.975756445552239    -0.067633599843326
     1.34000      0.974377264235042    -0.070293410421248
     1.36000      0.972944355163956    -0.073006315824450
     1.38000      0.971456660099714    -0.075771945706088
     1.40000      0.969913128485901    -0.078589902201074
     1.42000      0.968312717994914    -0.081459760367097
     1.44000      0.966654395065057    -0.084381068630649
     1.46000      0.964937135428662    -0.087353349237822
     1.48000      0.963159924631153    -0.090376098709628
     1.50000      0.961321758540959    -0.093448788301608
     1.52000      0.959421643850190    -0.096570864467493
     1.54000      0.957458598566009    -0.099741749326690
     1.56000      0.955431652492610    -0.102960841135352
     1.58000      0.953339847703746    -0.106227514760803
     1.60000      0.951182239005735    -0.109541122159103
     1.62000      0.948957894390884    -0.112900992855515
     1.64000      0.946665895481281    -0.116306434427653
     1.66000      0.944305337962889    -0.119756732991098
     1.68000      0.941875332009921    -0.123251153687256
     1.70000      0.939375002699418    -0.126788941173250
     1.72000      0.936803490416028    -0.130369320113619
     1.74000      0.934159951246925    -0.133991495673636
     1.76000      0.931443557366847    -0.137654654014012
     1.78000      0.928653497413231    -0.141357962786799
     1.80000      0.925788976851423    -0.145100571632280
     1.82000      0.922849218329931    -0.148881612676649
     1.84000      0.919833462025728    -0.152700201030282
     1.86000      0.916740965979586    -0.156555435286409
     1.88000      0.913571006421423    -0.160446398019983
     1.90000      0.910322878085684    -0.164372156286573
     1.92000      0.906995894516740    -0.168331762121084
     1.94000      0.903589388364319    -0.172324253036123
     1.96000      0.900102711668970    -0.176348652519833
     1.98000      0.896535236137578    -0.180403970533008
     2.00000      0.892886353408952    -0.184489204005335
     2.02000      0.889155475309490    -0.188603337330564
     2.04000      0.885342034098958    -0.192745342860460
     2.06000      0.881445482706398    -0.196914181397360
     2.08000      0.877465294956211    -0.201108802685175
     2.10000      0.873400965784421    -0.205328145898672
     2.12000      0.869252011445186    -0.209571140130897
     2.14000      0.865017969707574    -0.213836704878558
     2.16000      0.860698400042653    -0.218123750525243
     2.18000      0.856292883800942    -0.222431178822311
     2.20000      0.851801024380265    -0.226757883367315
     2.22000      0.847222447384066    -0.231102750079816
     2.24000      0.842556800770233    -0.235464657674457
     2.26000      0.837803754990490    -0.239842478131142
     2.28000      0.832963003120414    -0.244235077162215
     2.30000      0.828034260980142    -0.248641314676490
     2.32000      0.823017267245826    -0.253060045240010
     2.34000      0.817911783551913    -0.257490118533421
     2.36000      0.812717594584304    -0.261930379805833
     2.38000      0.807434508164478    -0.266379670325055
     2.40000      0.802062355324648    -0.270836827824089
     2.42000      0.796600990374022    -0.275300686943775
     2.44000      0.791050290956254    -0.279770079671479
     2.46000      0.785410158098161    -0.284243835775720
     2.48000      0.779680516249787    -0.288720783236631
     2.50000      0.773861313315900    -0.293199748672169
     2.52000      0.767952520679015    -0.297679557759963
     2.54000      0.761954133214012    -0.302159035654716
     2.56000      0.755866169294465    -0.306637007401074
     2.58000      0.749688670790747    -0.311112298341878
     2.60000      0.743421703060026    -0.315583734521704
     2.62000      0.737065354928237    -0.320050143085625
     2.64000      0.730619738664118    -0.324510352673114
     2.66000      0.724084989945429    -0.328963193807013
     2.68000      0.717461267817438    -0.333407499277494
     2.70000      0.710748754643771    -0.337842104520951
     2.72000      0.703947656049748    -0.342265847993757
     2.74000      0.697058200858284    -0.346677571540812
     2.76000      0.690080641018480    -0.351076120758848
     2.78000      0.683015251526996    -0.355460345354400
     2.80000      0.675862330342320    -0.359829099496425
     2.82000      0.668622198292040    -0.364181242163492
     2.84000      0.661295198973224    -0.368515637485505
     2.86000      0.653881698646020    -0.372831155079916
     2.88000      0.646382086120593    -0.377126670382382
     2.90000      0.638796772637501    -0.381401064971823
     2.92000      0.631126191741622    -0.385653226889849
     2.94000      0.623370799149755    -0.389882050954523
     2.96000      0.615531072612004    -0.394086439068418
     2.98000      0.607607511767050    -0.398265300520948
     3.00000      0.599600637991441    -0.402417552284947
     3.02000      0.591510994243008    -0.406542119307459
     3.04000      0.583339144898517    -0.410637934794730
     3.06000      0.575085675585688    -0.414703940491383
     3.08000      0.566751193009679    -0.418739086953746
     3.10000      0.558336324774173    -0.422742333817328
     3.12000      0.549841719197166    -0.426712650058436
     3.14000      0.541268045121583    -0.430649014249906
     3.16000      0.532615991720841    -0.434550414810957
     3.18000      0.523886268299468    -0.438415850251158
     3.20000      0.515079604088913    -0.442244329408491
     3.22000      0.506196748038636    -0.446034871681536
     3.24000      0.497238468602634    -0.449786507255753
     3.26000      0.488205553521481    -0.453498277323878
     3.28000      0.479098809600033    -0.457169234300441
     3.30000      0.469919062480892    -0.460798442030396
     3.32000      0.460667156413764    -0.464384975991895
     3.34000      0.451343954020813    -0.467927923493202
     3.36000      0.441950336058139    -0.471426383863767
     3.38000      0.432487201173494    -0.474879468639470
     3.40000      0.422955465660348    -0.478286301742057
     3.42000      0.413356063208423    -0.481646019652786
     3.44000      0.403689944650821    -0.484957771580305
     3.46000      0.393958077707837    -0.488220719622774
     3.48000      0.384161446727604    -0.491434038924276
     3.50000      0.374301052423648    -0.494596917825520
     3.52000      0.364377911609507    -0.497708558008881
     3.54000      0.354393056930485    -0.500768174637797
     3.56000      0.344347536592688    -0.503774996490554
     3.58000      0.334242414089435    -0.506728266088501
     3.60000      0.324078767925159    -0.509627239818710
     3.62000      0.313857691336915    -0.512471188051138
     3.64000      0.303580292013596    -0.515259395250313
     3.66000      0.293247691812965    -0.517991160081588
     3.68000      0.282861026476629    -0.520665795511996
     3.70000      0.272421445343034    -0.523282628905761
     3.72000      0.261930111058615    -0.525841002114489
     3.74000      0.251388199287188    -0.528340271562096
     3.76000      0.240796898417701    -0.530779808324513
     3.78000      0.230157409270436    -0.533158998204209
     3.80000      0.219470944801778    -0.535477241799592
     3.82000      0.208738729807645    -0.537733954569315
     3.84000      0.197962000625681    -0.539928566891560
     3.86000      0.187142004836315    -0.542060524118333
     3.88000      0.176280000962781    -0.544129286624825
     3.90000      0.165377258170204    -0.546134329853896
     3.92000      0.154435055963839    -0.548075144355730
     3.94000      0.143454683886570    -0.549951235822713
     3.96000      0.132437441215758    -0.551762125119599
     3.98000      0.121384636659526    -0.553507348309007
     4.00000      0.110297588052590    -0.555186456672310
     4.02000      0.099177622051710    -0.556799016725977
     4.04000      0.088026073830864    -0.558344610233420
     4.06000      0.076844286776226    -0.559822834212411
     4.08000      0.065633612181044    -0.561233300938118
     4.10000      0.054395408940492    -0.562575637941830
     4.12000      0.043131043246604    -0.563849488005423
     4.14000      0.031841888283345    -0.565054509151639
     4.16000      0.020529323921930    -0.566190374630226
     4.18000      0.009194736416454    -0.567256772900005
     4.20000     -0.002160481900074    -0.568253407606940
     4.22000     -0.013534932919225    -0.569179997558246
     4.24000     -0.024927213060080    -0.570036276692629
     4.26000     -0.036335913571535    -0.570821994046697
     4.28000     -0.047759620833886    -0.571536913717621
     4.30000     -0.059196916659642    -0.572180814822102
     4.32000     -0.070646378593471    -0.572753491451713
     4.34000     -0.082106580211220    -0.573254752624676
     4.36000     -0.093576091417944    -0.573684422234146
     4.38000     -0.105053478744849    -0.574042338993062
     4.40000     -0.116537305645114    -0.574328356375626
     4.42000     -0.128026132788503    -0.574542342555487
     4.44000     -0.139518518354709    -0.574684180340687
     4.46000     -0.151013018325360    -0.574753767105437
     4.48000     -0.162508186774642    -0.574751014718782
     4.50000     -0.174002576158452    -0.574675849470240
     4.52000     -0.185494737602039    -0.574528211992454
     4.54000     -0.196983221186069    -0.574308057180945
     4.56000     -0.208466576231060    -0.574015354111020
     4.58000     -0.219943351580118    -0.573650085951902
     4.60000     -0.231412095879939    -0.573212249878153
     4.62000     -0.242871357860003    -0.572701856978446
     4.64000     -0.254319686609927    -0.572118932161761
     4.66000     -0.265755631854910    -0.571463514061060
     4.68000     -0.277177744229227    -0.570735654934521
     4.70000     -0.288584575547729    -0.569935420564373
     4.72000     -0.299974679075293    -0.569062890153419
     4.74000     -0.311346609794176    -0.568118156219300
     4.76000     -0.322698924669241    -0.567101324486562
     4.78000     -0.334030182910992    -0.566012513776597
     4.80000     -0.345338946236402    -0.564851855895512
     4.82000     -0.356623779127458    -0.563619495520002
     4.84000     -0.367883249087425    -0.562315590081279
     4.86000     -0.379115926894754    -0.560940309647116
     4.88000     -0.390320386854623    -0.559493836802085
     4.90000     -0.401495207048055    -0.557976366526034
     4.92000     -0.412638969578599    -0.556388106070870
     4.94000     -0.423750260816524    -0.554729274835708
     4.96000     -0.434827671640500    -0.553000104240451
     4.98000     -0.445869797676739    -0.551200837597853
     5.00000     -0.456875239535559    -0.549331729984130
     5.02000     -0.467842603045348    -0.547393048108173
     5.04000     -0.478770499483899    -0.545385070179428
     5.06000     -0.489657545807090    -0.543308085774495
     5.08000     -0.500502364874879    -0.541162395702504
     5.10000     -0.511303585674603    -0.538948311869329
     5.12000     -0.522059843541544    -0.536666157140692
     5.14000     -0.532769780376748    -0.534316265204212
     5.16000     -0.543432044862076    -0.531898980430457
     5.18000     -0.554045292672462    -0.529414657733055
     5.20000     -0.564608186685374    -0.526863662427912
     5.22000     -0.575119397187440    -0.524246370091592
     5.24000     -0.585577602078241    -0.521563166418919
     5.26000     -0.595981487071242    -0.518814447079839
     5.28000     -0.606329745891863    -0.516000617575612
     5.30000     -0.616621080472658    -0.513122093094360
     5.32000     -0.626854201145605    -0.510179298366051
     5.34000     -0.637027826831485    -0.507172667516938
     5.36000     -0.647140685226353    -0.504102643923528
     5.38000     -0.657191512985075    -0.500969680066110
     5.40000     -0.667179055901937    -0.497774237381897
     5.42000     -0.677102069088312    -0.494516786117838
     5.44000     -0.686959317147382    -0.491197805183119
     5.46000     -0.696749574345903    -0.487817782001435
     5.48000     -0.706471624783016    -0.484377212363042
     5.50000     -0.716124262556102    -0.480876600276661
     5.52000     -0.725706291923663    -0.477316457821259
     5.54000     -0.735216527465247    -0.473697304997755
     5.56000     -0.744653794238407    -0.470019669580699
     5.58000     -0.754016927932684    -0.466284086969956
     5.60000     -0.763304775020636    -0.462491100042438
     5.62000     -0.772516192905893    -0.458641259003925
     5.64000     -0.781650050068257    -0.454735121241015
     5.66000     -0.790705226205836    -0.450773251173238
     5.68000     -0.799680612374229    -0.446756220105370
     5.70000     -0.808575111122753    -0.442684606079989
     5.72000     -0.817387636627727    -0.438558993730309
     5.74000     -0.826117114822818    -0.434379974133314
     5.76000     -0.834762483526448    -0.430148144663247
     5.78000     -0.843322692566280    -0.425864108845474
     5.80000     -0.851796703900778    -0.421528476210754
     5.82000     -0.860183491737868    -0.417141862149959
     5.84000     -0.868482042650683    -0.412704887769266
     5.86000     -0.876691355690432    -0.408218179745851
     5.88000     -0.884810442496380    -0.403682370184124
     5.90000     -0.892838327402957    -0.399098096472525
     5.92000     -0.900774047544012    -0.394466001140914
     5.94000     -0.908616652954226    -0.389786731718580
     5.96000     -0.916365206667677    -0.385060940592901
     5.98000     -0.924018784813600    -0.380289284868672
     6.00000     -0.931576476709336    -0.375472426228143
     6.02000     -0.939037384950480    -0.370611030791770
     6.04000     -0.946400625498266    -0.365705768979724
     6.06000     -0.953665327764180    -0.360757315374162
     6.08000     -0.960830634691830    -0.355766348582305
     6.10000     -0.967895702836081    -0.350733551100324
     6.12000     -0.974859702439488    -0.345659609178067
     6.14000     -0.981721817506013    -0.340545212684644
     6.16000     -0.988481245872084    -0.335391054974894
     6.18000     -0.995137199274975    -0.330197832756744
     6.20000     -1.001688903418552    -0.324966245959491
     6.22000     -1.008135598036387    -0.319696997603016
     6.24000     -1.014476536952277    -0.314390793667949
     6.26000     -1.020710988138162    -0.309048342966803
     6.28000     -1.026838233769484    -0.303670357016092
     6.30000     -1.032857570277998    -0.298257549909452
     6.32000     -1.038768308402054    -0.292810638191770
     6.34000     -1.044569773234370    -0.287330340734348
     6.36000     -1.050261304267322    -0.281817378611104
     6.38000     -1.055842255435767    -0.276272474975829
     6.40000     -1.061311995157420    -0.270696354940512
     6.42000     -1.066669906370814    -0.265089745454740
     6.44000     -1.071915386570853    -0.259453375186191
     6.46000     -1.077047847841986    -0.253787974402220
     6.48000     -1.082066716889028    -0.248094274852563
     6.50000     -1.086971435065645    -0.242373009653152
     6.52000     -1.091761458400521    -0.236624913171060
     6.54000     -1.096436257621246    -0.230850720910579
     6.56000     -1.100995318175925    -0.225051169400442
     6.58000     -1.105438140252551    -0.219226996082194
     6.60000     -1.109764238796154    -0.213378939199719
     6.62000     -1.113973143523756    -0.207507737689926
     6.64000     -1.118064398937141    -0.201614131074602
     6.66000     -1.122037564333488    -0.195698859353441
     6.68000     -1.125892213813867    -0.189762662898244
     6.70000     -1.129627936289628    -0.183806282348300
     6.72000     -1.133244335486724    -0.177830458506950
     6.74000     -1.136741029947959    -0.171835932239337
     6.76000     -1.140117653033215    -0.165823444371342
     6.78000     -1.143373852917667    -0.159793735589714
     6.80000     -1.146509292588010    -0.153747546343384
     6.82000     -1.149523649836725    -0.147685616745982
     6.84000     -1.152416617254409    -0.141608686479534
     6.86000     -1.155187902220192    -0.135517494699362
     6.88000     -1.157837226890258    -0.129412779940173
     6.90000     -1.160364328184505    -0.123295280023334
     6.92000     -1.162768957771364    -0.117165731965349
     6.94000     -1.165050882050789    -0.111024871887513
     6.96000     -1.167209882135470    -0.104873434926763
     6.98000     -1.169245753830251    -0.098712155147703
     7.00000     -1.171158307609827    -0.092541765455825
     7.02000     -1.172947368594693    -0.086362997511893
     7.04000     -1.174612776525409    -0.080176581647513
     7.06000     -1.176154385735181    -0.073983246781872
     7.08000     -1.177572065120789    -0.067783720339645
     7.10000     -1.178865698111887    -0.061578728170062
     7.12000     -1.180035182638691    -0.055368994467136
     7.14000     -1.181080431098091    -0.049155241691045
     7.16000     -1.182001370318195    -0.042938190490662
     7.18000     -1.182797941521340    -0.036718559627221
     7.20000     -1.183470100285580    -0.030497065899131
     7.22000     -1.184017816504695    -0.024274424067909
     7.24000     -1.184441074346715    -0.018051346785243
     7.26000     -1.184739872211007    -0.011828544521170
     7.28000     -1.184914222683931    -0.005606725493365
     7.30000     -1.184964152493098     0.000613404402470
     7.32000     -1.184889702460239     0.006831141661117
     7.34000     -1.184690927452723     0.013045785235271
     7.36000     -1.184367896333733     0.019256636601885
     7.38000     -1.183920691911125     0.025462999827443
     7.40000     -1.183349410884991     0.031664181632175
     7.42000     -1.182654163793960     0.037859491453209
     7.44000     -1.181835074960224     0.044048241506686
     7.46000     -1.180892282433358     0.050229746848829
     7.48000     -1.179825937932908     0.056403325435990
     7.50000     -1.178636206789798     0.062568298183672
     7.52000     -1.177323267886567     0.068723989024549
     7.54000     -1.175887313596455     0.074869724965477
     7.56000     -1.174328549721351     0.081004836143521
     7.58000     -1.172647195428646     0.087128655880996
     7.60000     -1.170843483186977     0.093240520739537
     7.62000     -1.168917658700913     0.099339770573216
     7.64000     -1.166869980844583     0.105425748580693
     7.66000     -1.164700721594266     0.111497801356439
     7.68000     -1.162410165959978     0.117555278941022
     7.70000     -1.159998611916048     0.123597534870471
     7.72000     -1.157466370330724     0.129623926224738
     7.74000     -1.154813764894823     0.135633813675250
     7.76000     -1.152041132049423     0.141626561531576
     7.78000     -1.149148820912653     0.147601537787219
     7.80000     -1.146137193205553     0.153558114164538
     7.82000     -1.143006623177062     0.159495666158808
     7.84000     -1.139757497528122     0.165413573081440
     7.86000     -1.136390215334933     0.171311218102364
     7.88000     -1.132905187971363     0.177187988291581
     7.90000     -1.129302839030539     0.183043274659913
     7.92000     -1.125583604245631     0.188876472198936
     7.94000     -1.121747931409843     0.194686979920131
     7.96000     -1.117796280295627     0.200474200893246
     7.98000     -1.113729122573149     0.206237542283894
     8.00000     -1.109546941727990     0.211976415390385
     8.02000     -1.105250232978142     0.217690235679811
     8.04000     -1.100839503190270     0.223378422823393
     8.06000     -1.096315270795283     0.229040400731103
     8.08000     -1.091678065703222     0.234675597585558
     8.10000     -1.086928429217471     0.240283445875223
     8.12000     -1.082066913948314     0.245863382426907
     8.14000     -1.077094083725852     0.251414848437578
     8.16000     -1.072010513512284     0.256937289505503
     8.18000     -1.066816789313574     0.262430155660722
     8.20000     -1.061513508090521     0.267892901394874
     8.22000     -1.056101277669231     0.273324985690370
     8.24000     -1.050580716651016     0.278725872048941
     8.26000     -1.044952454321725     0.284095028519562
     8.28000     -1.039217130560530     0.289431927725758
     8.30000     -1.033375395748161     0.294736046892313
     8.32000     -1.027427910674623     0.300006867871385
     8.34000     -1.021375346446392     0.305243877168033
     8.36000     -1.015218384393102     0.310446565965181
     8.38000     -1.008957715973751     0.315614430148007
     8.40000     -1.002594042682407     0.320746970327787
     8.42000     -0.996128075953460     0.325843691865191
     8.44000     -0.989560537066401     0.330904104893044
     8.46000     -0.982892157050158     0.335927724338561
     8.48000     -0.976123676586989     0.340914069945066
     8.50000     -0.969255845915948     0.345862666293208
     8.52000     -0.962289424735928     0.350773042821666
     8.54000     -0.955225182108301     0.355644733847382
     8.56000     -0.948063896359151     0.360477278585295
     8.58000     -0.940806354981124     0.365270221167615
     8.60000     -0.933453354534892     0.370023110662629
     8.62000     -0.926005700550245     0.374735501093048
     8.64000     -0.918464207426827     0.379406951453914
     8.66000     -0.910829698334511     0.384037025730057
     8.68000     -0.903103005113433     0.388625292913131
     8.70000     -0.895284968173691     0.393171327018220
     8.72000     -0.887376436394710     0.397674707100029
     8.74000     -0.879378267024292     0.402135017268665
     8.76000     -0.871291325577356     0.406551846705020
     8.78000     -0.863116485734370     0.410924789675757
     8.80000     -0.854854629239487     0.415253445547909
     8.82000     -0.846506645798401     0.419537418803100
     8.84000     -0.838073432975907     0.423776319051391
     8.86000     -0.829555896093205     0.427969761044756
     8.88000     -0.820954948124926     0.432117364690206
     8.90000     -0.812271509595903     0.436218755062552
     8.92000     -0.803506508477693     0.440273562416818
     8.94000     -0.794660880084846     0.444281422200323
     8.96000     -0.785735566970949     0.448241975064418
     8.98000     -0.776731518824422     0.452154866875892
     9.00000     -0.767649692364106     0.456019748728062
     9.02000     -0.758491051234617     0.459836276951533
     9.04000     -0.749256565901501     0.463604113124653
     9.06000     -0.739947213546174     0.467322924083657
     9.08000     -0.730563977960667     0.470992381932500
     9.10000     -0.721107849442172     0.474612164052403
     9.12000     -0.711579824687412     0.478181953111094
     9.14000     -0.701980906686810     0.481701437071767
     9.16000     -0.692312104618501     0.485170309201749
     9.18000     -0.682574433742162     0.488588268080888
     9.20000     -0.672768915292678     0.491955017609668
     9.22000     -0.662896576373655     0.495270267017045
     9.24000     -0.652958449850771     0.498533730868014
     9.26000     -0.642955574244981     0.501745129070913
     9.28000     -0.632888993625582     0.504904186884462
     9.30000     -0.622759757503138     0.508010634924544
     9.32000     -0.612568920722266     0.511064209170727
     9.34000     -0.602317543354304     0.514064650972539
     9.36000     -0.592006690589850     0.517011707055485
     9.38000     -0.581637432631182     0.519905129526824
     9.40000     -0.571210844584570     0.522744675881095
     9.42000     -0.560728006352476     0.525530109005401
     9.44000     -0.550190002525654     0.528261197184462
     9.46000     -0.539597922275143     0.530937714105413
     9.48000     -0.528952859244181     0.533559438862385
     9.50000     -0.518255911440015     0.536126155960833
     9.52000     -0.507508181125634     0.538637655321649
     9.54000     -0.496710774711426     0.541093732285033
     9.56000     -0.485864802646749     0.543494187614137
     9.58000     -0.474971379311439     0.545838827498483
     9.60000     -0.464031622907252     0.548127463557152
     9.62000     -0.453046655349243     0.550359912841750
     9.64000     -0.442017602157086     0.552535997839148
     9.66000     -0.430945592346342     0.554655546473996
     9.68000     -0.419831758319685     0.556718392111015
     9.70000     -0.408677235758073     0.558724373557072
     9.72000     -0.397483163511892     0.560673335063022
     9.74000     -0.386250683492058     0.562565126325340
     9.76000     -0.374980940561086     0.564399602487521
     9.78000     -0.363675082424144     0.566176624141268
     9.80000     -0.352334259520075     0.567896057327450
     9.82000     -0.340959624912405     0.569557773536848
     9.84000     -0.329552334180343     0.571161649710671
     9.86000     -0.318113545309766     0.572707568240853
     9.88000     -0.306644418584202     0.574195416970132
     9.90000     -0.295146116475822     0.575625089191900
     9.92000     -0.283619803536421     0.576996483649833
     9.94000     -0.272066646288426     0.578309504537294
     9.96000     -0.260487813115902     0.579564061496519
     9.98000     -0.248884474155595     0.580760069617567
    10.00000     -0.237257801187976     0.581897449437049
    10.02000     -0.225608967528335     0.582976126936631
    10.04000     -0.213939147917891     0.583996033541302
    10.06000     -0.202249518414945     0.584957106117419
    10.08000     -0.190541256286076     0.585859286970517
    10.10000     -0.178815539897381     0.586702523842882
    10.12000     -0.167073548605765     0.587486769910902
    10.14000     -0.155316462650289     0.588211983782169
    10.16000     -0.143545463043575     0.588878129492351
    10.18000     -0.131761731463279     0.589485176501827
    10.20000     -0.119966450143633     0.590033099692073
    10.22000     -0.108160801767059     0.590521879361813
    10.24000     -0.096345969355867     0.590951501222924
    10.26000     -0.084523136164034     0.591321956396093
    10.28000     -0.072693485569073     0.591633241406228
    10.30000     -0.060858200963996     0.591885358177618
    10.32000     -0.049018465649378     0.592078314028838
    10.34000     -0.037175462725525     0.592212121667406
    10.36000     -0.025330374984748     0.592286799184179
    10.38000     -0.013484384803758     0.592302370047489
    10.40000     -0.001638674036174     0.592258863097023
    10.42000      0.010205576094839     0.592156312537434
    10.44000      0.022047185103804     0.591994757931694
    10.46000      0.033884973350027     0.591774244194171
    10.48000      0.045717762144558     0.591494821583438
    10.50000      0.057544373856999     0.591156545694817
    10.52000      0.069363632022158     0.590759477452634
    10.54000      0.081174361446558     0.590303683102211
    10.56000      0.092975388314765     0.589789234201563
    10.58000      0.104765540295563     0.589216207612827
    10.60000      0.116543646647948     0.588584685493398
    10.62000      0.128308538326937     0.587894755286775
    10.64000      0.140059048089203     0.587146509713123
    10.66000      0.151794010598505     0.586340046759539
    10.68000      0.163512262530931     0.585475469670023
    10.70000      0.175212642679934     0.584552886935152
    10.72000      0.186893992061154     0.583572412281452
    10.74000      0.198555154017031     0.582534164660466
    10.76000      0.210194974321192     0.581438268237523
    10.78000      0.221812301282613     0.580284852380188
    10.80000      0.233405985849546     0.579074051646410
    10.82000      0.244974881713202     0.577806005772352
    10.84000      0.256517845411196     0.576480859659909
    10.86000      0.268033736430732     0.575098763363903
    10.88000      0.279521417311528     0.573659872078959
    10.90000      0.290979753748485     0.572164346126059
    10.92000      0.302407614694068     0.570612350938766
    10.94000      0.313803872460424     0.569004057049124
    10.96000      0.325167402821208     0.567339640073225
    10.98000      0.336497085113110     0.565619280696442
    11.00000      0.347791802337098     0.563843164658325
    11.02000      0.359050441259343     0.562011482737163
    11.04000      0.370271892511838     0.560124430734203
    11.06000      0.381455050692697     0.558182209457523
    11.08000      0.392598814466127     0.556185024705565
    11.10000      0.403702086662067     0.554133087250319
    11.12000      0.414763774375489     0.552026612820156
    11.14000      0.425782789065350     0.549865822082310
    11.16000      0.436758046653191     0.547650940625004
    11.18000      0.447688467621379     0.545382198939226
    11.20000      0.458572977110970     0.543059832400138
    11.22000      0.469410505019210     0.540684081248135
    11.24000      0.480199986096642     0.538255190569532
    11.26000      0.490940360043834     0.535773410276893
    11.28000      0.501630571607699     0.533238995088992
    11.30000      0.512269570677418     0.530652204510411
    11.32000      0.522856312379950     0.528013302810758
    11.34000      0.533389757175120     0.525322559003525
    11.36000      0.543868870950281     0.522580246824568
    11.38000      0.554292625114547     0.519786644710211
    11.40000      0.564659996692577     0.516942035774978
    11.42000      0.574969968417915     0.514046707788945
    11.44000      0.585221528825868     0.511100953154715
    11.46000      0.595413672345927     0.508105068884011
    11.48000      0.605545399393712     0.505059356573887
    11.50000      0.615615716462434     0.501964122382559
    11.52000      0.625623636213878     0.498819677004852
    11.54000      0.635568177568882     0.495626335647257
    11.56000      0.645448365797321     0.492384418002608
    11.58000      0.655263232607576     0.489094248224370
    11.60000      0.665011816235485     0.485756154900539
    11.62000      0.674693161532774     0.482370471027151
    11.64000      0.684306320054943     0.478937533981404
    11.66000      0.693850350148623     0.475457685494393
    11.68000      0.703324317038374     0.471931271623448
    11.70000      0.712727292912933     0.468358642724084
    11.72000      0.722058357010891     0.464740153421559
    11.74000      0.731316595705804     0.461076162582042
    11.76000      0.740501102590715     0.457367033283382
    11.78000      0.749610978562094     0.453613132785495
    11.80000      0.758645331903183     0.449814832500348
    11.82000      0.767603278366728     0.445972507961555
    11.84000      0.776483941257109     0.442086538793582
    11.86000      0.785286451511843     0.438157308680554
    11.88000      0.794009947782464     0.434185205334676
    11.90000      0.802653576514766     0.430170620464253
    11.92000      0.811216492028398     0.426113949741330
    11.94000      0.819697856595817     0.422015592768927
    11.96000      0.828096840520573     0.417875953047895
    11.98000      0.836412622214932     0.413695437943375
    12.00000      0.844644388276825     0.409474458650865
    12.02000      0.852791333566108     0.405213430161907
    12.04000      0.860852661280143     0.400912771229375
    12.06000      0.868827583028666     0.396572904332386
    12.08000      0.876715318907968     0.392194255640815
    12.10000      0.884515097574341     0.387777254979433
    12.12000      0.892226156316825     0.383322335791655
    12.14000      0.899847741129204     0.378829935102911
    12.16000      0.907379106781288     0.374300493483625
    12.18000      0.914819516889431     0.369734455011830
    12.20000      0.922168243986310     0.365132267235390
    12.22000      0.929424569589939     0.360494381133851
    12.24000      0.936587784271922     0.355821251079917
    12.26000      0.943657187724922     0.351113334800552
    12.28000      0.950632088829358     0.346371093337711
    12.30000      0.957511805719308     0.341594991008695
    12.32000      0.964295665847615     0.336785495366152
    12.34000      0.970983006050194     0.331943077157694
    12.36000      0.977573172609523     0.327068210285169
    12.38000      0.984065521317316     0.322161371763556
    12.40000      0.990459417536373     0.317223041679514
    12.42000      0.996754236261595     0.312253703149562
    12.44000      1.002949362180163     0.307253842277918
    12.46000      1.009044189730863     0.302223948113976
    12.48000      1.015038123162566     0.297164512609439
    12.50000      1.020930576591838     0.292076030575108
    12.52000      1.026720974059691     0.286958999637320
    12.54000      1.032408749587452     0.281813920194059
    12.56000      1.037993347231758     0.276641295370713
    12.58000      1.043474221138655     0.271441630975512
    12.60000      1.048850835596809     0.266215435454626
    12.62000      1.054122665089811     0.260963219846939
    12.64000      1.059289194347578     0.255685497738496
    12.66000      1.064349918396839     0.250382785216632
    12.68000      1.069304342610696     0.245055600823780
    12.70000      1.074151982757265     0.239704465510969
    12.72000      1.078892365047376     0.234329902591005
    12.74000      1.083525026181343     0.228932437691355
    12.76000      1.088049513394781     0.223512598706717
    12.78000      1.092465384503471     0.218070915751301
    12.80000      1.096772207947278     0.212607921110806
    12.82000      1.100969562833089     0.207124149194112
    12.84000      1.105057038976798     0.201620136484681
    12.86000      1.109034236944308     0.196096421491679
    12.88000      1.112900768091550     0.190553544700813
    12.90000      1.116656254603524     0.184992048524899
    12.92000      1.120300329532345     0.179412477254159
    12.94000      1.123832636834289     0.173815377006246
    12.96000      1.127252831405840     0.168201295676018
    12.98000      1.130560579118732     0.162570782885045
    13.00000      1.133755556853975     0.156924389930871
    13.02000      1.136837452534865     0.151262669736023
    13.04000      1.139805965158971     0.145586176796782
    13.06000      1.142660804829095     0.139895467131713
    13.08000      1.145401692783206     0.134191098229959
    13.10000      1.148028361423326     0.128473628999316
    13.12000      1.150540554343387     0.122743619714072
    13.14000      1.152938026356034     0.117001631962639
    13.16000      1.155220543518385     0.111248228594966
    13.18000      1.157387883156730     0.105483973669741
    13.20000      1.159439833890182     0.099709432401398
    13.22000      1.161376195653254     0.093925171106923
    13.24000      1.163196779717381     0.088131757152460
    13.26000      1.164901408711367     0.082329758899746
    13.28000      1.166489916640756     0.076519745652348
    13.30000      1.167962148906136     0.070702287601732
    13.32000      1.169317962320349     0.064877955773164
    13.34000      1.170557225124632     0.059047321971439
    13.36000      1.171679817003656     0.053210958726455
    13.38000      1.172685629099488     0.047369439238630
    13.40000      1.173574564024454     0.041523337324174
    13.42000      1.174346535872902     0.035673227360218
    13.44000      1.175001470231876     0.029819684229804
    13.46000      1.175539304190680     0.023963283266747
    13.48000      1.175959986349340     0.018104600200369
    13.50000      1.176263476825965     0.012244211100117
    13.52000      1.176449747262989     0.006382692320065
    13.54000      1.176518780832311     0.000520620443312
    13.56000      1.176470572239320    -0.005341427773723
    13.58000      1.176305127725801    -0.011202875457103
    13.60000      1.176022465071724    -0.017063145671261
    13.62000      1.175622613595926    -0.022921661474973
    13.64000      1.175105614155653    -0.028777845977406
    13.66000      1.174471519144998    -0.034631122394237
    13.68000      1.173720392492208    -0.040480914103840
    13.70000      1.172852309655866    -0.046326644703526
    13.72000      1.171867357619951    -0.052167738065839
    13.74000      1.170765634887768    -0.058003618394894
    13.76000      1.169547251474755    -0.063833710282762
    13.78000      1.168212328900160    -0.069657438765875
    13.80000      1.166761000177586    -0.075474229381474
    13.82000      1.165193409804415    -0.081283508224062
    13.84000      1.163509713750095    -0.087084702001884
    13.86000      1.161710079443300    -0.092877238093406
    13.88000      1.159794685757962    -0.098660544603798
    13.90000      1.157763722998174    -0.104434050421413
    13.92000      1.155617392881957    -0.110197185274255
    13.94000      1.153355908523905    -0.115949379786425
    13.96000      1.150979494416701    -0.121690065534546
    13.98000      1.148488386411499    -0.127418675104156
    14.00000      1.145882831697183    -0.133134642146065
    14.02000      1.143163088778500    -0.138837401432664
    14.04000      1.140329427453063    -0.144526388914189
    14.06000      1.137382128787234    -0.150201041774923
    14.08000      1.134321485090881    -0.155860798489340
    14.10000      1.131147799891015    -0.161505098878172
    14.12000      1.127861387904299    -0.167133384164408
    14.14000      1.124462575008453    -0.172745097029200
    14.16000      1.120951698212521    -0.178339681667692
    14.18000      1.117329105626046    -0.183916583844739
    14.20000      1.113595156427108    -0.189475250950536
    14.22000      1.109750220829270    -0.195015132056129
    14.24000      1.105794680047403    -0.200535677968816
    14.26000      1.101728926262409    -0.206036341287424
    14.28000      1.097553362584837    -0.211516576457455
    14.30000      1.093268403017403    -0.216975839826105
    14.32000      1.088874472416403    -0.222413589697129
    14.34000      1.084372006452036    -0.227829286385571
    14.36000      1.079761451567635    -0.233222392272330
    14.38000      1.075043264937799    -0.238592371858571
    14.40000      1.070217914425452    -0.243938691819966
    14.42000      1.065285878537808    -0.249260821060765
    14.44000      1.060247646381260    -0.254558230767677
    14.46000      1.055103717615195    -0.259830394463579
    14.48000      1.049854602404735    -0.265076788061022
    14.50000      1.044500821372410    -0.270296889915541
    14.52000      1.039042905548767    -0.275490180878757
    14.54000      1.033481396321918    -0.280656144351275
    14.56000      1.027816845386033    -0.285794266335354
    14.58000      1.022049814688786    -0.290904035487359
    14.60000      1.016180876377744    -0.295984943169980
    14.62000      1.010210612745726    -0.301036483504217
    14.64000      1.004139616175115    -0.306058153421120
    14.66000      0.997968489081144    -0.311049452713277
    14.68000      0.991697843854151    -0.316009884086054
    14.70000      0.985328302800815    -0.320938953208568
    14.72000      0.978860498084371    -0.325836168764395
    14.74000      0.972295071663819    -0.330701042502004
    14.76000      0.965632675232121    -0.335533089284911
    14.78000      0.958873970153402    -0.340331827141548
    14.80000      0.952019627399158    -0.345096777314844
    14.82000      0.945070327483469    -0.349827464311503
    14.84000      0.938026760397235    -0.354523415950982
    14.86000      0.930889625541433    -0.359184163414162
    14.88000      0.923659631659406    -0.363809241291699
    14.90000      0.916337496768186    -0.368398187632062
    14.92000      0.908923948088856    -0.372950543989235
    14.94000      0.901419721975975    -0.377465855470099
    14.96000      0.893825563846037    -0.381943670781466
    14.98000      0.886142228105016    -0.386383542276773
    15.00000      0.878370478074961    -0.390785026002433
    15.02000      0.870511085919682    -0.395147681743825
    15.04000      0.862564832569510    -0.399471073070925
    15.06000      0.854532507645153    -0.403754767383575
    15.08000      0.846414909380648    -0.407998335956382
    15.10000      0.838212844545422    -0.412201353983235
    15.12000      0.829927128365465    -0.416363400621449
    15.14000      0.821558584443618    -0.420484059035516
    15.16000      0.813108044679001    -0.424562916440469
    15.18000      0.804576349185570    -0.428599564144848
    15.20000      0.795964346209817    -0.432593597593260
    15.22000      0.787272892047633    -0.436544616408543
    15.24000      0.778502850960319    -0.440452224433505
    15.26000      0.769655095089779    -0.444316029772252
    15.28000      0.760730504372876    -0.448135644831102
    15.30000      0.751729966454990    -0.451910686359056
    15.32000      0.742654376602760    -0.455640775487853
    15.34000      0.733504637616031    -0.459325537771580
    15.36000      0.724281659739016    -0.462964603225848
    15.38000      0.714986360570679    -0.466557606366511
    15.40000      0.705619664974343    -0.470104186247951
    15.42000      0.696182504986545    -0.473603986500896
    15.44000      0.686675819725130    -0.477056655369785
    15.46000      0.677100555296610    -0.480461845749666
    15.48000      0.667457664702787    -0.483819215222633
    15.50000      0.657748107746648    -0.487128426093782
    15.52000      0.647972850937556    -0.490389145426696
    15.54000      0.638132867395721    -0.493601045078455
    15.56000      0.628229136755991    -0.496763801734146
    15.58000      0.618262645070948    -0.499877096940904
    15.60000      0.608234384713330    -0.502940617141442
    15.62000      0.598145354277789    -0.505954053707102
    15.64000      0.587996558481995    -0.508917102970390
    15.66000      0.577789008067084    -0.511829466257017
    15.68000      0.567523719697487    -0.514690849917430
    15.70000      0.557201715860118    -0.517500965357830
    15.72000      0.546824024762954    -0.520259529070675
    15.74000      0.536391680233012    -0.522966262664666
    15.76000      0.525905721613725    -0.525620892894209
    15.78000      0.515367193661739    -0.528223151688355
    15.80000      0.504777146443137    -0.530772776179203
    15.82000      0.494136635229095    -0.533269508729784
    15.84000      0.483446720390992    -0.535713096961394
    15.86000      0.472708467294975    -0.538103293780401
    15.88000      0.461922946195992    -0.540439857404504
    15.90000      0.451091232131310    -0.542722551388448
    15.92000      0.440214404813520    -0.544951144649195
    15.94000      0.429293548523047    -0.547125411490537
    15.96000      0.418329752000169    -0.549245131627165
    15.98000      0.407324108336567    -0.551310090208171
    16.00000      0.396277714866403    -0.553320077840004
    16.02000      0.385191673056949    -0.555274890608849
    16.04000      0.374067088398776    -0.557174330102460
    16.06000      0.362905070295504    -0.559018203431407
    16.08000      0.351706731953142    -0.560806323249772
    16.10000      0.340473190269013    -0.562538507775258
    16.12000      0.329205565720288    -0.564214580808739
    16.14000      0.317904982252129    -0.565834371753221
    16.16000      0.306572567165463    -0.567397715632233
    16.18000      0.295209451004393    -0.568904453107636
    16.20000      0.283816767443257    -0.570354430496850
    16.22000      0.272395653173349    -0.571747499789494
    16.24000      0.260947247789316    -0.573083518663445
    16.26000      0.249472693675235    -0.574362350500307
    16.28000      0.237973135890387    -0.575583864400287
    16.30000      0.226449722054747    -0.576747935196487
    16.32000      0.214903602234181    -0.577854443468596
    16.34000      0.203335928825388    -0.578903275555994
    16.36000      0.191747856440576    -0.579894323570256
    16.38000      0.180140541791902    -0.580827485407059
    16.40000      0.168515143575671    -0.581702664757494
    16.42000      0.156872822356324    -0.582519771118774
    16.44000      0.145214740450213    -0.583278719804345
    16.46000      0.133542061809175    -0.583979431953391
    16.48000      0.121855951903936    -0.584621834539741
    16.50000      0.110157577607326    -0.585205860380165
    16.52000      0.098448107077346    -0.585731448142075
    16.54000      0.086728709640084    -0.586198542350607
    16.56000      0.075000555672493    -0.586607093395111
    16.58000      0.063264816485048    -0.586957057535024
    16.60000      0.051522664204287    -0.587248396905137
    16.62000      0.039775271655263    -0.587481079520255
    16.64000      0.028023812243897    -0.587655079279251
    16.66000      0.016269459839263    -0.587770375968502
    16.68000      0.004513388655807    -0.587826955264726
    16.70000     -0.007243226864480    -0.587824808737202
    16.72000     -0.018999212169933    -0.587763933849382
    16.74000     -0.030753392717107    -0.587644333959893
    16.76000     -0.042504594088684    -0.587466018322929
    16.78000     -0.054251642111386    -0.587229002088031
    16.80000     -0.065993362973870    -0.586933306299260
    16.82000     -0.077728583344611    -0.586578957893758
    16.84000     -0.089456130489740    -0.586165989699697
    16.86000     -0.101174832390838    -0.585694440433623
    16.88000     -0.112883517862678    -0.585164354697187
    16.90000     -0.124581016670881    -0.584575782973267
    16.92000     -0.136266159649505    -0.583928781621489
    16.94000     -0.147937778818523    -0.583223412873128
    16.96000     -0.159594707501204    -0.582459744825411
    16.98000     -0.171235780441369    -0.581637851435210
    17.00000     -0.182859833920517    -0.580757812512133
    17.02000     -0.194465705874802    -0.579819713711002
    17.04000     -0.206052236011861    -0.578823646523735
    17.06000     -0.217618265927469    -0.577769708270621
    17.08000     -0.229162639222010    -0.576658002090994
    17.10000     -0.240684201616767    -0.575488636933307
    17.12000     -0.252181801069992    -0.574261727544602
    17.14000     -0.263654287892775    -0.572977394459386
    17.16000     -0.275100514864672    -0.571635763987906
    17.18000     -0.286519337349099    -0.570236968203833
    17.20000     -0.297909613408472    -0.568781144931344
    17.22000     -0.309270203919086    -0.567268437731618
    17.24000     -0.320599972685710    -0.565698995888735
    17.26000     -0.331897786555902    -0.564072974394987
    17.28000     -0.343162515534023    -0.562390533935603
    17.30000     -0.354393032894934    -0.560651840872883
    17.32000     -0.365588215297378    -0.558857067229747
    17.34000     -0.376746942897020    -0.557006390672708
    17.36000     -0.387868099459145    -0.555099994494254
    17.38000     -0.398950572470997    -0.553138067594657
    17.40000     -0.409993253253746    -0.551120804463206
    17.42000     -0.420995037074079    -0.549048405158858
    17.44000     -0.431954823255392    -0.546921075290322
    17.46000     -0.442871515288584    -0.544739025995572
    17.48000     -0.453744020942428    -0.542502473920789
    17.50000     -0.464571252373526    -0.540211641198738
    17.52000     -0.475352126235817    -0.537866755426580
    17.54000     -0.486085563789634    -0.535468049643126
    17.56000     -0.496770491010314    -0.533015762305532
    17.58000     -0.507405838696319    -0.530510137265430
    17.60000     -0.517990542576887    -0.527951423744516
    17.62000     -0.528523543419182    -0.525339876309583
    17.64000     -0.539003787134942    -0.522675754847001
    17.66000     -0.549430224886613    -0.519959324536662
    17.68000     -0.559801813192953    -0.517190855825369
    17.70000     -0.570117514034097    -0.514370624399701
    17.72000     -0.580376294956082    -0.511498911158324
    17.74000     -0.590577129174803    -0.508576002183787
    17.76000     -0.600718995679405    -0.505602188713769
    17.78000     -0.610800879335097    -0.502577767111814
    17.80000     -0.620821770985366    -0.499503038837530
    17.82000     -0.630780667553603    -0.496378310416276
    17.84000     -0.640676572144106    -0.493203893408325
    17.86000     -0.650508494142465    -0.489980104377513
    17.88000     -0.660275449315321    -0.486707264859383
    17.90000     -0.669976459909469    -0.483385701328815
    17.92000     -0.679610554750326    -0.480015745167150
    17.94000     -0.689176769339719    -0.476597732628826
    17.96000     -0.698674145953016    -0.473132004807498
    17.98000     -0.708101733735561    -0.469618907601684
    18.00000     -0.717458588798431    -0.466058791679904
    18.02000     -0.726743774313475    -0.462452012445348
    18.04000     -0.735956360607658    -0.458798930000052
    18.06000     -0.745095425256669    -0.455099909108599
    18.08000     -0.754160053177812    -0.451355319161343
    18.10000     -0.763149336722142    -0.447565534137170
    18.12000     -0.772062375765864    -0.443730932565783
    18.14000     -0.780898277800970    -0.439851897489528
    18.16000     -0.789656158025100    -0.435928816424766
    18.18000     -0.798335139430639    -0.431962081322783
    18.20000     -0.806934352893017    -0.427952088530257
    18.22000     -0.815452937258219    -0.423899238749271
    18.24000     -0.823890039429487    -0.419803936996894
    18.26000     -0.832244814453217    -0.415666592564314
    18.28000     -0.840516425604025    -0.411487618975546
    18.30000     -0.848704044468988    -0.407267433945709
    18.32000     -0.856806851031045    -0.403006459338876
    18.34000     -0.864824033751553    -0.398705121125506
    18.36000     -0.872754789651985    -0.394363849339461
    18.38000     -0.880598324394760    -0.389983078034610
    18.40000     -0.888353852363214    -0.385563245241032
    18.42000     -0.896020596740676    -0.381104792920808
    18.44000     -0.903597789588666    -0.376608166923426
    18.46000     -0.911084671924195    -0.372073816940785
    18.48000     -0.918480493796156    -0.367502196461816
    18.50000     -0.925784514360811    -0.362893762726723
    18.52000     -0.932996001956353    -0.358248976680834
    18.54000     -0.940114234176548    -0.353568302928095
    18.56000     -0.947138497943435    -0.348852209684181
    18.58000     -0.954068089579090    -0.344101168729253
    18.60000     -0.960902314876443    -0.339315655360350
    18.62000     -0.967640489169132    -0.334496148343435
    18.64000     -0.974281937400402    -0.329643129865080
    18.66000     -0.980825994191030    -0.324757085483823
    18.68000     -0.987272003906276    -0.319838504081171
    18.70000     -0.993619320721848    -0.314887877812283
    18.72000     -0.999867308688882    -0.309905702056314
    18.74000     -1.006015341797920    -0.304892475366441
    18.76000     -1.012062804041889    -0.299848699419573
    18.78000     -1.018009089478068    -0.294774878965740
    18.80000     -1.023853602289048    -0.289671521777185
    18.82000     -1.029595756842657    -0.284539138597146
    18.84000     -1.035234977750869    -0.279378243088342
    18.86000     -1.040770699927678    -0.274189351781171
    18.88000     -1.046202368645926    -0.268972984021620
    18.90000     -1.051529439593097    -0.263729661918889
    18.92000     -1.056751378926051    -0.258459910292748
    18.94000     -1.061867663324708    -0.253164256620620
    18.96000     -1.066877780044672    -0.247843230984395
    18.98000     -1.071781226968783    -0.242497366016992
    19.00000     -1.076577512657602    -0.237127196848664
    19.02000     -1.081266156398820    -0.231733261053054
    19.04000     -1.085846688255583    -0.226316098593008
    19.06000     -1.090318649113733    -0.220876251766155
    19.08000     -1.094681590727957    -0.215414265150250
    19.10000     -1.098935075766839    -0.209930685548294
    19.12000     -1.103078677856821    -0.204426061933436
    19.14000     -1.107111981625045    -0.198900945393655
    19.16000     -1.111034582741101    -0.193355889076237
    19.18000     -1.114846087957650    -0.187791448132046
    19.20000     -1.118546115149943    -0.182208179659601
    19.22000     -1.122134293354211    -0.176606642648957
    19.24000     -1.125610262804929    -0.170987397925404
    19.26000     -1.128973674970964    -0.165351008092981
    19.28000     -1.132224192590575    -0.159698037477818
    19.30000     -1.135361489705295    -0.154029052071312
    19.32000     -1.138385251692660    -0.148344619473132
    19.34000     -1.141295175297806    -0.142645308834073
    19.36000     -1.144090968663921    -0.136931690798760
    19.38000     -1.146772351361544    -0.131204337448198
    19.40000     -1.149339054416717    -0.125463822242190
    19.42000     -1.151790820337987    -0.119710719961620
    19.44000     -1.154127403142247    -0.113945606650604
    19.46000     -1.156348568379420    -0.108169059558519
    19.48000     -1.158454093155988    -0.102381657081923
    19.50000     -1.160443766157350    -0.096583978706356
    19.52000     -1.162317387669019    -0.090776604948037
    19.54000     -1.164074769596653    -0.084960117295469
    19.56000     -1.165715735484915    -0.079135098150945
    19.58000     -1.167240120535166    -0.073302130771971
    19.60000     -1.168647771621978    -0.067461799212603
    19.62000     -1.169938547308482    -0.061614688264712
    19.64000     -1.171112317860532    -0.055761383399186
    19.66000     -1.172168965259702    -0.049902470707054
    19.68000     -1.173108383215096    -0.044038536840569
    19.70000     -1.173930477173985    -0.038170168954230
    19.72000     -1.174635164331258    -0.032297954645757
    19.74000     -1.175222373637700    -0.026422481897038
    19.76000     -1.175692045807085    -0.020544339015028
    19.78000     -1.176044133322080    -0.014664114572633
    19.80000     -1.176278600438981    -0.008782397349565
    19.82000     -1.176395423191250    -0.002899776273181
    19.84000     -1.176394589391881     0.002983159640679
    19.86000     -1.176276098634577     0.008865821346871
    19.88000     -1.176039962293743     0.014747619830112
    19.90000     -1.175686203523297     0.020627966164142
    19.92000     -1.175214857254302     0.026506271570873
    19.94000     -1.174625970191406     0.032381947479514
    19.96000     -1.173919600808108     0.038254405585677
    19.98000     -1.173095819340837     0.044123057910440
    20.00000     -1.172154707781858     0.049987316859383
    20.02000     -1.171096359870982     0.055846595281575
    20.04000     -1.169920881086117     0.061700306528513
    20.06000     -1.168628388632625     0.067547864513000
    20.08000     -1.167219011431507     0.073388683767976
    20.10000     -1.165692890106415     0.079222179505262
    20.12000     -1.164050176969489     0.085047767674246
    20.14000     -1.162291036006013     0.090864865020486
    20.16000     -1.160415642857914     0.096672889144221
    20.18000     -1.158424184806079     0.102471258558804
    20.20000     -1.156316860751510     0.108259392749027
    20.22000     -1.154093881195314     0.114036712229352
    20.24000     -1.151755468217528     0.119802638602026
    20.26000     -1.149301855454784     0.125556594615088
    20.28000     -1.146733288076809     0.131298004220253
    20.30000     -1.144050022761781     0.137026292630676
    20.32000     -1.141252327670519     0.142740886378574
    20.34000     -1.138340482419528     0.148441213372722
    20.36000     -1.135314778052893     0.154126702955799
    20.38000     -1.132175517013031     0.159796785961590
    20.40000     -1.128923013110296     0.165450894772029
    20.42000     -1.125557591491447     0.171088463374089
    20.44000     -1.122079588606981     0.176708927416500
    20.46000     -1.118489352177333     0.182311724266297
    20.48000     -1.114787241157940     0.187896293065196
    20.50000     -1.110973625703195     0.193462074785783
    20.52000     -1.107048887129260     0.199008512287515
    20.54000     -1.103013417875774     0.204535050372529
    20.56000     -1.098867621466445     0.210041135841253
    20.58000     -1.094611912468526     0.215526217547811
    20.60000     -1.090246716451190     0.220989746455216
    20.62000     -1.085772469942805     0.226431175690352
    20.64000     -1.081189620387103     0.231849960598731
    20.66000     -1.076498626098267     0.237245558799026
    20.68000     -1.071699956214921     0.242617430237368
    20.70000     -1.066794090653042     0.247965037241415
    20.72000     -1.061781520057789     0.253287844574167
    20.74000     -1.056662745754263     0.258585319487541
    20.76000     -1.051438279697189     0.263856931775687
    20.78000     -1.046108644419548     0.269102153828054
    20.80000     -1.040674372980138     0.274320460682184
    20.82000     -1.035136008910085     0.279511330076237
    20.84000     -1.029494106158313     0.284674242501252
    20.86000     -1.023749229035962     0.289808681253113
    20.88000     -1.017901952159773     0.294914132484245
    20.90000     -1.011952860394448     0.299990085255013
    20.92000     -1.005902548793973     0.305036031584826
    20.94000     -0.999751622541934     0.310051466502943
    20.96000     -0.993500696890811     0.315035888098974
    20.98000     -0.987150397100269     0.319988797573075
    21.00000     -0.980701358374451     0.324909699285818
    21.02000     -0.974154225798269     0.329798100807753
    21.04000     -0.967509654272715     0.334653512968640
    21.06000     -0.960768308449185     0.339475449906347
    21.08000     -0.953930862662831     0.344263429115425
    21.10000     -0.946998000864947     0.349016971495336
    21.12000     -0.939970416554388     0.353735601398333
    21.14000     -0.932848812708038     0.358418846677007
    21.16000     -0.925633901710336     0.363066238731464
    21.18000     -0.918326405281851     0.367677312556154
    21.20000     -0.910927054406932     0.372251606786332
    21.22000     -0.903436589260430     0.376788663744160
    21.24000     -0.895855759133503     0.381288029484427
    21.26000     -0.888185322358510     0.385749253839900
    21.28000     -0.880426046232997     0.390171890466291
    21.30000     -0.872578706942798     0.394555496886843
    21.32000     -0.864644089484234     0.398899634536522
    21.34000     -0.856622987585448     0.403203868805814
    21.36000     -0.848516203626854     0.407467769084136
    21.38000     -0.840324548560729     0.411690908802823
    21.40000     -0.832048841829952     0.415872865477732
    21.42000     -0.823689911285884     0.420013220751418
    21.44000     -0.815248593105422     0.424111560434903
    21.46000     -0.806725731707213     0.428167474549025
    21.48000     -0.798122179667045     0.432180557365361
    21.50000     -0.789438797632432     0.436150407446725
    21.52000     -0.780676454236385     0.440076627687237
    21.54000     -0.771836026010387     0.443958825351951
    21.56000     -0.762918397296585     0.447796612116051
    21.58000     -0.753924460159198     0.451589604103598
    21.60000     -0.744855114295155     0.455337421925833
    21.62000     -0.735711266943972     0.459039690719031
    21.64000     -0.726493832796877     0.462696040181900
    21.66000     -0.717203733905193     0.466306104612518
    21.68000     -0.707841899587982     0.469869522944814
    21.70000     -0.698409266338969     0.473385938784584
    21.72000     -0.688906777732747     0.476855000445033
    21.74000     -0.679335384330278     0.480276360981849
    21.76000     -0.669696043583699     0.483649678227802
    21.78000     -0.659989719740433     0.486974614826862
    21.80000     -0.650217383746632     0.490250838267835
    21.82000     -0.640380013149949     0.493478020917513
    21.84000     -0.630478592001645     0.496655840053339
    21.86000     -0.620514110758060     0.499783977895572
    21.88000     -0.610487566181434     0.502862121638967
    21.90000     -0.600399961240110     0.505889963483948
    21.92000     -0.590252305008106     0.508867200667281
    21.94000     -0.580045612564092     0.511793535492249
    21.96000     -0.569780904889759     0.514668675358314
    21.98000     -0.559459208767602     0.517492332790265
    22.00000     -0.549081556678131     0.520264225466865
    22.02000     -0.538648986696503     0.522984076248967
    22.04000     -0.528162542388609     0.525651613207126
    22.06000     -0.517623272706604     0.528266569648676
    22.08000     -0.507032231883908     0.530828684144294
    22.10000     -0.496390479329676     0.533337700554031
    22.12000     -0.485699079522755     0.535793368052813
    22.14000     -0.474959101905137     0.538195441155418
    22.16000     -0.464171620774916     0.540543679740907
    22.18000     -0.453337715178761     0.542837849076531
    22.20000     -0.442458468803919     0.545077719841087
    22.22000     -0.431534969869758     0.547263068147744
    22.24000     -0.420568311018848     0.549393675566316
    22.26000     -0.409559589207618     0.551469329144994
    22.28000     -0.398509905596573     0.553489821431532
    22.30000     -0.387420365440092     0.555454950493881
    22.32000     -0.376292077975827     0.557364519940266
    22.34000     -0.365126156313699     0.559218338938720
    22.36000     -0.353923717324513     0.561016222236053
    22.38000     -0.342685881528195     0.562757990176266
    22.40000     -0.331413772981668     0.564443468718412
    22.42000     -0.320108519166383     0.566072489453881
    22.44000     -0.308771250875497     0.567644889623140
    22.46000     -0.297403102100731     0.569160512131894
    22.48000     -0.286005209918913     0.570619205566689
    22.50000     -0.274578714378201     0.572020824209946
    22.52000     -0.263124758384028     0.573365228054423
    22.54000     -0.251644487584751     0.574652282817109
    22.56000     -0.240139050257035     0.575881859952548
    22.58000     -0.228609597190969     0.577053836665584
    22.60000     -0.217057281574943     0.578168095923538
    22.62000     -0.205483258880276     0.579224526467806
    22.64000     -0.193888686745630     0.580223022824880
    22.66000     -0.182274724861194     0.581163485316796
    22.68000     -0.170642534852681     0.582045820070991
    22.70000     -0.158993280165123     0.582869939029600
    22.72000     -0.147328125946488     0.583635759958152
    22.74000     -0.135648238931134     0.584343206453699
    22.76000     -0.123954787323096     0.584992207952354
    22.78000     -0.112248940679240     0.585582699736250
    22.80000     -0.100531869792276     0.586114622939918
    22.82000     -0.088804746573648     0.586587924556072
    22.84000     -0.077068743936321     0.587002557440821
    22.86000     -0.065325035677468     0.587358480318282
    22.88000     -0.053574796361061     0.587655657784621
    22.90000     -0.041819201200401     0.587894060311497
    22.92000     -0.030059425940577     0.588073664248925
    22.94000     -0.018296646740873     0.588194451827553
    22.96000     -0.006532040057142     0.588256411160347
    22.98000      0.005233217475857     0.588259536243694
    23.00000      0.016997949162133     0.588203826957917
    23.02000      0.028760978362139     0.588089289067199
    23.04000      0.040521128610445     0.587915934218921
    23.06000      0.052277223733391     0.587683779942421
    23.08000      0.064028087966709     0.587392849647151
    23.10000      0.075772546073102     0.587043172620263
    23.12000      0.087509423459767     0.586634784023593
    23.14000      0.099237546295856     0.586167724890075
    23.16000      0.110955741629855     0.585642042119553
    23.18000      0.122662837506880     0.585057788474023
    23.20000      0.134357663085861     0.584415022572276
    23.22000      0.146039048756623     0.583713808883965
    23.24000      0.157705826256842     0.582954217723089
    23.26000      0.169356828788856     0.582136325240889
    23.28000      0.180990891136336     0.581260213418162
    23.30000      0.192606849780798     0.580325970056998
    23.32000      0.204203543017940     0.579333688771930
    23.34000      0.215779811073795     0.578283468980514
    23.36000      0.227334496220694     0.577175415893313
    23.38000      0.238866442893026     0.576009640503322
    23.40000      0.250374497802766     0.574786259574806
    23.42000      0.261857510054793     0.573505395631559
    23.44000      0.273314331261955     0.572167176944599
    23.46000      0.284743815659885     0.570771737519278
    23.48000      0.296144820221555     0.569319217081833
    23.50000      0.307516204771553     0.567809761065350
    23.52000      0.318856832100077     0.566243520595176
    23.54000      0.330165568076630     0.564620652473747
    23.56000      0.341441281763402     0.562941319164865
    23.58000      0.352682845528338     0.561205688777395
    23.60000      0.363889135157871     0.559413935048412
    23.62000      0.375059029969312     0.557566237325779
    23.64000      0.386191412922890     0.555662780550165
    23.66000      0.397285170733420     0.553703755236511
    23.68000      0.408339193981598     0.551689357454932
    23.70000      0.419352377224915     0.549619788811074
    23.72000      0.430323619108160     0.547495256425909
    23.74000      0.441251822473520     0.545315972914987
    23.76000      0.452135894470266     0.543082156367134
    23.78000      0.462974746663995     0.540794030322613
    23.80000      0.473767295145436     0.538451823750731
    23.82000      0.484512460638805     0.536055771026911
    23.84000      0.495209168609694     0.533606111909218
    23.86000      0.505856349372481     0.531103091514362
    23.88000      0.516452938197261     0.528546960293145
    23.90000      0.526997875416279     0.525937974005398
    23.92000      0.537490106529852     0.523276393694372
    23.94000      0.547928582311780     0.520562485660611
    23.96000      0.558312258914224     0.517796521435296
    23.98000      0.568640097972051     0.514978777753069
    24.00000      0.578911066706624     0.512109536524339
    24.02000      0.589124138029036     0.509189084807066
    24.04000      0.599278290642777     0.506217714778042
    24.06000      0.609372509145819     0.503195723703651
    24.08000      0.619405784132107     0.500123413910123
    24.10000      0.629377112292461     0.497001092753292
    24.12000      0.639285496514856     0.493829072587838
    24.14000      0.649129945984088     0.490607670736043
    24.16000      0.658909476280814     0.487337209456045
    24.18000      0.668623109479940     0.484018015909598
    24.20000      0.678269874248373     0.480650422129350
    24.22000      0.687848805942106     0.477234764985626
    24.24000      0.697358946702634     0.473771386152735
    24.26000      0.706799345552695     0.470260632074795
    24.28000      0.716169058491316     0.466702853931083
    24.30000      0.725467148588171     0.463098407600909
    24.32000      0.734692686077226     0.459447653628029
    24.34000      0.743844748449663     0.455750957184582
    24.36000      0.752922420546088     0.452008688034575
    24.38000      0.761924794648000     0.448221220496904
    24.40000      0.770850970568510     0.444388933407919
    24.42000      0.779700055742317     0.440512210083546
    24.44000      0.788471165314915     0.436591438280954
    24.46000      0.797163422231032     0.432627010159783
    24.48000      0.805775957322285     0.428619322242931
    24.50000      0.814307909394053     0.424568775376905
    24.52000      0.822758425311548     0.420475774691744
    24.54000      0.831126660085080     0.416340729560509
    24.56000      0.839411776954509     0.412164053558357
    24.58000      0.847612947472876     0.407946164421187
    24.60000      0.855729351589200     0.403687484003876
    24.62000      0.863760177730435     0.399388438238103
    24.64000      0.871704622882584     0.395049457089768
    24.66000      0.879561892670949     0.390670974516003
    24.68000      0.887331201439529     0.386253428421789
    24.70000      0.895011772329536     0.381797260616179
    24.72000      0.902602837357034     0.377302916768128
    24.74000      0.910103637489697     0.372770846361943
    24.76000      0.917513422722662     0.368201502652343
    24.78000      0.924831452153489     0.363595342619157
    24.80000      0.932056994056205     0.358952826921634
    24.82000      0.939189325954431     0.354274419852397
    24.84000      0.946227734693591     0.349560589291030
    24.86000      0.953171516512177     0.344811806657308
    24.88000      0.960019977112089     0.340028546864073
    24.90000      0.966772431728019     0.335211288269760
    24.92000      0.973428205195883     0.330360512630581
    24.94000      0.979986632020300     0.325476705052371
    24.96000      0.986447056441098     0.320560353942094
    24.98000      0.992808832498849     0.315611950959027
    25.00000      0.999071324099424     0.310631990965612
    25.02000      1.005233905077562     0.305620971977992
    25.04000      1.011295959259449     0.300579395116234
    25.06000      1.017256880524292     0.295507764554237
    25.08000      1.023116072864897     0.290406587469337
